url_HO,mst_HO,nganh_nghe_HO,ten_chi_nhanh,mst_chi_nhanh,CEO_chi_nhanh,Dia_chi_chi_nhanh
https://masothue.com/5700101210-cong-ty-tnhh-san-xuat-bot-my-vimaflour,5700101210,Xay xát và sản xuất bột,VĂN PHÒNG ĐẠI DIỆN CÔNG TY TNHH SẢN XUẤT BỘT MỲ VIMAFLOUR TẠI ĐÀ NẴNG,5700101210-001,TRƯƠNG BÁ ANH,"Số nhà 644 Nguyễn Hữu Thọ, Phường Khuê Trung, Quận Cẩm Lệ, Thành phố Đà Nẵng, Việt Nam"
https://masothue.com/5700101210-cong-ty-tnhh-san-xuat-bot-my-vimaflour,5700101210,Xay xát và sản xuất bột,CHI NHÁNH CTY LIÊN DOANH SẢN XUẤT BỘT MÌ VIMAFLOUR,5700101210-002,Lew Tong Liang,28 Phùng Khắc Khoan P.Đakao - - Quận 1 - TP Hồ Chí Minh.
https://masothue.com/5700101210-cong-ty-tnhh-san-xuat-bot-my-vimaflour,5700101210,Xay xát và sản xuất bột,CHI NHÁNH CÔNG TY TNHH SẢN XUẤT BỘT MỲ VIMAFLOUR TẠI HÀ NỘI,5700101210-003,HUỲNH ĐỨC CHÍNH,"Tầng 17, Tòa nhà 319 Tower, 63 Lê Văn Lương, Phường Trung Hoà, Quận Cầu Giấy, Thành phố Hà Nội, Việt Nam"
https://masothue.com/5700101210-cong-ty-tnhh-san-xuat-bot-my-vimaflour,5700101210,Xay xát và sản xuất bột,CHI NHÁNH CÔNG TY TNHH SẢN XUẤT BỘT MỲ VIMAFLOUR TẠI THÀNH PHỐ ĐÀ NẴNG,5700101210-004,TRƯƠNG BÁ ANH,"644 Nguyễn Hữu Thọ, Phường Khuê Trung, Quận Cẩm Lệ, Thành phố Đà Nẵng, Việt Nam"
https://masothue.com/0311158663-cong-ty-tnhh-mot-thanh-vien-truyen-thong-da-phuong-tien-vtc-thanh-pho-ho-chi-minh,0311158663,Dịch vụ thông tin khác chưa được phân vào đâu,,,,
https://masothue.com/0103811666-cong-ty-tnhh-mot-thanh-vien-quan-ly-no-va-khai-thac-tai-san-ngan-hang-thuong-mai-co-phan-sai-gon-ha-noi,0103811666,Hoạt động hỗ trợ dịch vụ tài chính chưa được phân vào đâu,VĂN PHÒNG ĐẠI DIỆN PHÍA NAM-CÔNG TY TNHH MỘT THÀNH VIÊN QUẢN LÝ NỢ VÀ KHAI THÁC TÀI SẢN - NGÂN HÀNG THƯƠNG MẠI CỔ PHẦN SÀI GÒN - HÀ NỘI,0103811666-001,VÕ XUÂN VINH,"Lô H3 Đường Hoàng Diệu, Phường 06, Quận 4, Thành phố Hồ Chí Minh, Việt Nam"
https://masothue.com/0107779290-cong-ty-tai-chinh-trach-nhiem-huu-han-mot-thanh-vien-ngan-hang-thuong-mai-co-phan-sai-gon-ha-noi,0107779290,Hoạt động trung gian tiền tệ khác,,,,
https://masothue.com/0304767745-cong-ty-tnhh-quan-ly-no-va-khai-thac-tai-san-ngan-hang-quoc-dan,0304767745,Hoạt động trung gian tiền tệ khác,,,,
https://masothue.com/4201763383-cong-ty-tnhh-thuong-mai-dich-vu-vien-thong-minh-vi,4201763383,"Bán buôn thiết bị và linh kiện điện tử, viễn thông",CHI NHÁNH CÔNG TY TNHH THƯƠNG MẠI DỊCH VỤ VIỄN THÔNG MINH VI,4201763383-001,TRẦN HUỲNH THANH TRÀ,"số 8 lô A4 Thùy Vân , Phường 8, Thành phố Vũng Tàu, Tỉnh Bà Rịa - Vũng Tàu, Việt Nam"
https://masothue.com/0801354868-cong-ty-tnhh-t-t-land-hai-duong,0801354868,"Kinh doanh bất động sản, quyền sử dụng đất thuộc chủ sở hữu, chủ sử dụng hoặc đi thuê",,,,
https://masothue.com/1602146752-cong-ty-tnhh-t-t-land-binh-khanh,1602146752,"Kinh doanh bất động sản, quyền sử dụng đất thuộc chủ sở hữu, chủ sử dụng hoặc đi thuê",,,,
https://masothue.com/1602146777-cong-ty-tnhh-t-t-land-long-xuyen,1602146777,"Kinh doanh bất động sản, quyền sử dụng đất thuộc chủ sở hữu, chủ sử dụng hoặc đi thuê",,,,
https://masothue.com/1801702690-cong-ty-tnhh-nong-nghiep-ung-dung-cong-nghe-cao-t-t-can-tho,1801702690,"Kinh doanh bất động sản, quyền sử dụng đất thuộc chủ sở hữu, chủ sử dụng hoặc đi thuê",,,,
https://masothue.com/2001354326-cong-ty-tnhh-t-t-land-ca-mau,2001354326,Khác,,,,
https://masothue.com/3002226551-cong-ty-tnhh-t-t-land-thach-binh,3002226551,"Kinh doanh bất động sản, quyền sử dụng đất thuộc chủ sở hữu, chủ sử dụng hoặc đi thuê",,,,
https://masothue.com/3200713067-cong-ty-tnhh-t-t-land-gio-hai,3200713067,"Kinh doanh bất động sản, quyền sử dụng đất thuộc chủ sở hữu, chủ sử dụng hoặc đi thuê",,,,
https://masothue.com/4001232265-cong-ty-tnhh-nong-nghiep-cong-nghe-cao-t-t-dong-quang-nam,4001232265,"Kinh doanh bất động sản, quyền sử dụng đất thuộc chủ sở hữu, chủ sử dụng hoặc đi thuê",,,,
https://masothue.com/4001232297-cong-ty-tnhh-nong-nghiep-cong-nghe-cao-t-t-dien-hoa-quang-nam,4001232297,"Kinh doanh bất động sản, quyền sử dụng đất thuộc chủ sở hữu, chủ sử dụng hoặc đi thuê",,,,
https://masothue.com/0100100664-cong-ty-tnhh-vien-cong-nghiep-giay-va-xenluylo,0100100664,Nghiên cứu và phát triển thực nghiệm khoa học tự nhiên và kỹ thuật,TRUNG TÂM KHOA HỌC CÔNG NGHỆ VÀ MÔI TRƯỜNG - CHI NHÁNH CÔNG TY TNHH VIỆN CÔNG NGHIỆP GIẤY VÀ XENLUYLÔ,0100100664-001,LÊ QUỐC DŨNG,"Số 59 Vũ Trọng Phụng, Phường Thanh Xuân Trung, Quận Thanh Xuân, Thành phố Hà Nội, Việt Nam"
https://masothue.com/0100100664-cong-ty-tnhh-vien-cong-nghiep-giay-va-xenluylo,0100100664,Nghiên cứu và phát triển thực nghiệm khoa học tự nhiên và kỹ thuật,TRUNG TÂM TƯ VẤN VÀ DỊCH VỤ - THƯƠNG MẠI,0100100664-002,Lê Quang Anh,Số 59 Vũ Trọng Phụng - Phường Thanh Xuân Trung - Quận Thanh Xuân - Hà Nội.
https://masothue.com/0100100664-cong-ty-tnhh-vien-cong-nghiep-giay-va-xenluylo,0100100664,Nghiên cứu và phát triển thực nghiệm khoa học tự nhiên và kỹ thuật,TRUNG TÂM SẢN XUẤT THỰC NGHIỆM,0100100664-003,Lê Công Hoàng,Số 59 đường Vũ Trọng Phụng - Phường Thanh Xuân Trung - Quận Thanh Xuân - Hà Nội.
https://masothue.com/0100112469-cong-ty-lien-doanh-vinapon,0100112469,"Kinh doanh bất động sản, quyền sử dụng đất thuộc chủ sở hữu, chủ sử dụng hoặc đi thuê",,,,
https://masothue.com/0313301774-cong-ty-tnhh-mot-thanh-vien-truyen-thong-da-phuong-tien-truong-hai,0313301774,Quảng cáo,,,,
https://masothue.com/3100997182-cong-ty-tnhh-mot-thanh-vien-truong-hai-quang-binh,3100997182,Bán buôn ô tô và xe có động cơ khác,,,,
https://masothue.com/3301546302-cong-ty-tnhh-mot-thanh-vien-hue-truong-hai,3301546302,Bán buôn ô tô và xe có động cơ khác,,,,
https://masothue.com/3701732783-cong-ty-tnhh-mot-thanh-vien-truong-hai-binh-duong,3701732783,Bán buôn ô tô và xe có động cơ khác,,,,
https://masothue.com/4000774434-cong-ty-tnhh-san-xuat-va-lap-rap-o-to-cao-cap-thaco,4000774434,Sản xuất xe có động cơ,,,,
https://masothue.com/4001180641-cong-ty-tnhh-dau-tu-khu-cong-nghiep-chuyen-nong-lam-nghiep-thaco-chu-lai,4001180641,Xây dựng công trình kỹ thuật dân dụng khác,,,,
https://masothue.com/4001207438-cong-ty-tnhh-giao-nhan-van-chuyen-quoc-te-truong-hai,4001207438,Vận tải hàng hóa bằng đường bộ,CHI NHÁNH TẠI KHU VỰC BẮC BỘ - CÔNG TY TNHH GIAO NHẬN VẬN CHUYỂN QUỐC TẾ TRƯỜNG HẢI,4001207438-001,VŨ QUANG LONG,"Lô D8, KCN Hà Nội - Đài Tư, 386 Nguyễn Văn Linh, Phường Sài Đồng, Quận Long Biên, Thành phố Hà Nội, Việt Nam"
https://masothue.com/4001207438-cong-ty-tnhh-giao-nhan-van-chuyen-quoc-te-truong-hai,4001207438,Vận tải hàng hóa bằng đường bộ,CHI NHÁNH TẠI KHU VỰC NAM BỘ - CÔNG TY TNHH GIAO NHẬN VẬN CHUYỂN QUỐC TẾ TRƯỜNG HẢI,4001207438-002,PHAN THANH HÀ,"Số 08, Đường 2A, KCN Biên Hòa 2, Phường An Bình, Thành phố Biên Hoà, Tỉnh Đồng Nai, Việt Nam"
https://masothue.com/4001221658-cong-ty-trach-nhiem-huu-han-thaco-auto,4001221658,Bán buôn ô tô và xe có động cơ khác,,,,
https://masothue.com/4001241679-cong-ty-tnhh-co-khi-va-cong-nghiep-ho-tro-truong-hai,4001241679,Sản xuất phụ tùng và bộ phận phụ trợ cho xe có động cơ và động cơ xe,,,,
https://masothue.com/0313309149-cong-ty-tnhh-mot-thanh-vien-digiworld-venture,0313309149,Hoạt động tư vấn quản lý,,,,
https://masothue.com/0310540710-cong-ty-tnhh-mot-thanh-vien-quan-ly-no-va-khai-thac-tai-san-ngan-hang-thuong-mai-co-phan-viet-a,0310540710,Hoạt động công ty nắm giữ tài sản,,,,
https://masothue.com/3801126384-cong-ty-tnhh-thuong-mai-van-hung-thinh,3801126384,"Bán mô tô, xe máy",CHI NHÁNH TẠI TP.HỒ CHÍ MINH - CÔNG TY TNHH THƯƠNG MẠI VẠN HƯNG THỊNH,3801126384-001,NGUYỄN ĐÌNH TRUYỀN,"1511-1513 Đường 3/2, Phường 16, Quận 11, Thành phố Hồ Chí Minh, Việt Nam"
https://masothue.com/0317021136-cong-ty-tnhh-mot-thanh-vien-dat-xanh-tech,0317021136,Khác,,,,
https://masothue.com/0317043429-cong-ty-tnhh-dat-xanh-finance,0317043429,Khác,,,,
https://masothue.com/0317043436-cong-ty-tnhh-patheon-holdings,0317043436,Khác,,,,
https://masothue.com/0317043443-cong-ty-tnhh-athena-invest,0317043443,"Kinh doanh bất động sản, quyền sử dụng đất thuộc chủ sở hữu, chủ sử dụng hoặc đi thuê",,,,
https://masothue.com/2500677989-cong-ty-tnhh-dau-tu-bat-dong-san-phuc-hung-phat,2500677989,"Kinh doanh bất động sản, quyền sử dụng đất thuộc chủ sở hữu, chủ sử dụng hoặc đi thuê",,,,
https://masothue.com/3301663775-cong-ty-tnhh-phat-trien-bat-dong-san-hue,3301663775,"Kinh doanh bất động sản, quyền sử dụng đất thuộc chủ sở hữu, chủ sử dụng hoặc đi thuê",,,,
https://masothue.com/6300350302-cong-ty-tnhh-dau-tu-dhg,6300350302,"Kinh doanh bất động sản, quyền sử dụng đất thuộc chủ sở hữu, chủ sử dụng hoặc đi thuê",,,,
https://masothue.com/0311349756-cong-ty-co-phan-thuong-tin-tau-cuoc,0311349756,"Kinh doanh bất động sản, quyền sử dụng đất thuộc chủ sở hữu, chủ sử dụng hoặc đi thuê",,,,
https://masothue.com/0313552626-cong-ty-tnhh-dich-vu-quan-ly-bat-dong-san-sai-gon-thuong-tin,0313552626,"Tư vấn, môi giới, đấu giá bất động sản, đấu giá quyền sử dụng đất",,,,
https://masothue.com/0314342290-cong-ty-co-phan-dau-tu-svg,0314342290,"Kinh doanh bất động sản, quyền sử dụng đất thuộc chủ sở hữu, chủ sử dụng hoặc đi thuê",,,,
https://masothue.com/0315460547-cong-ty-co-phan-ahm-lifestyles-creative-hospitality,0315460547,Nhà hàng và các dịch vụ ăn uống phục vụ lưu động,,,,
https://masothue.com/0316955616-cong-ty-tnhh-dzine-food-solutions,0316955616,Nhà hàng và các dịch vụ ăn uống phục vụ lưu động,,,,
https://masothue.com/0317069924-cong-ty-tnhh-thuy-san-cong-nghe-cao-viet-nam,0317069924,Nuôi trồng thuỷ sản biển,CÔNG TY TNHH THỦY SẢN CÔNG NGHỆ CAO VIỆT NAM - CHI NHÁNH 1 TẠI QUẢNG TRỊ,0317069924-001,WIKRAN SAMAKSAMAN,"Thôn Phương Lang, Xã Hải Ba, Huyện Hải Lăng, Tỉnh Quảng Trị, Việt Nam"
https://masothue.com/0317069924-cong-ty-tnhh-thuy-san-cong-nghe-cao-viet-nam,0317069924,Nuôi trồng thuỷ sản biển,CÔNG TY TNHH THỦY SẢN CÔNG NGHỆ CAO VIỆT NAM - CHI NHÁNH 1 TẠI VŨNG TÀU,0317069924-002,PIYAPONG CHATKUL,"Khu phố Lộc An, Thị Trấn Phước Hải, Huyện Đất đỏ, Tỉnh Bà Rịa - Vũng Tàu, Việt Nam"
https://masothue.com/0317069924-cong-ty-tnhh-thuy-san-cong-nghe-cao-viet-nam,0317069924,Nuôi trồng thuỷ sản biển,CÔNG TY TNHH THỦY SẢN CÔNG NGHỆ CAO VIỆT NAM - CHI NHÁNH 3 TẠI BẾN TRE,0317069924-003,KRITTAPHOL HUANPEEB,"Ấp 1 (thửa đất số 208, tờ bản đồ số 51), Xã Thạnh Phước, Huyện Bình Đại, Tỉnh Bến Tre, Việt Nam"
https://masothue.com/0317069924-cong-ty-tnhh-thuy-san-cong-nghe-cao-viet-nam,0317069924,Nuôi trồng thuỷ sản biển,CÔNG TY TNHH THỦY SẢN CÔNG NGHỆ CAO VIỆT NAM - CHI NHÁNH 1 TẠI BẾN TRE,0317069924-004,PAYUT SIRIVALLOP,"Ấp Thới Bình (thửa đất số 158, tờ bản đồ số 15), Xã Thới Thuận, Huyện Bình Đại, Tỉnh Bến Tre, Việt Nam"
https://masothue.com/0317069924-cong-ty-tnhh-thuy-san-cong-nghe-cao-viet-nam,0317069924,Nuôi trồng thuỷ sản biển,CÔNG TY TNHH THỦY SẢN CÔNG NGHỆ CAO VIỆT NAM - CHI NHÁNH 2 TẠI BẾN TRE,0317069924-005,KRITTAPHOL HUANPEEB,"Ấp Thới Bình (thửa đất số 158, tờ bản đồ số 15), Xã Thới Thuận, Huyện Bình Đại, Tỉnh Bến Tre, Việt Nam"
https://masothue.com/0317069924-cong-ty-tnhh-thuy-san-cong-nghe-cao-viet-nam,0317069924,Nuôi trồng thuỷ sản biển,CÔNG TY TNHH THỦY SẢN CÔNG NGHỆ CAO VIỆT NAM - CHI NHÁNH 2 TẠI BÌNH THUẬN,0317069924-006,MONTREE SOMKAEW,"Lô 1,2,3 - Tiểu khu 1 - Khu sản xuất giống thủy sản tập trung Chí Công, Xã Chí Công, Huyện Tuy Phong, Tỉnh Bình Thuận, Việt Nam"
https://masothue.com/0317069924-cong-ty-tnhh-thuy-san-cong-nghe-cao-viet-nam,0317069924,Nuôi trồng thuỷ sản biển,CÔNG TY TNHH THỦY SẢN CÔNG NGHỆ CAO VIỆT NAM - CHI NHÁNH 1 TẠI KIÊN GIANG,0317069924-007,SETTA AUNCHANGHAN,"Tổ 6, Ấp Bãi Ớt, Xã Dương Hòa, Huyện Kiên Lương, Tỉnh Kiên Giang, Việt Nam"
https://masothue.com/0317069924-cong-ty-tnhh-thuy-san-cong-nghe-cao-viet-nam,0317069924,Nuôi trồng thuỷ sản biển,CÔNG TY TNHH THỦY SẢN CÔNG NGHỆ CAO VIỆT NAM - CHI NHÁNH 1 TẠI HUẾ,0317069924-008,EKKALAK RATTANA,"Thôn Trung Đồng Tây, Xã Điền Hương, Huyện Phong Điền, Tỉnh Thừa Thiên Huế, Việt Nam"
https://masothue.com/0317069924-cong-ty-tnhh-thuy-san-cong-nghe-cao-viet-nam,0317069924,Nuôi trồng thuỷ sản biển,CÔNG TY TNHH THỦY SẢN CÔNG NGHỆ CAO VIỆT NAM - CHI NHÁNH 2 TẠI NINH THUẬN,0317069924-009,MONTREE SOMKAEW,"Vùng sản xuất và kiểm định giống thủy sản tập trung, Xã An Hải, Huyện Ninh Phước, Tỉnh Ninh Thuận, Việt Nam"
https://masothue.com/0317069924-cong-ty-tnhh-thuy-san-cong-nghe-cao-viet-nam,0317069924,Nuôi trồng thuỷ sản biển,CÔNG TY TNHH THỦY SẢN CÔNG NGHỆ CAO VIỆT NAM - CHI NHÁNH 1 TẠI BÌNH ĐỊNH,0317069924-010,KITISAK NOOPLAEK,"Thôn Xuân Thạnh, Xã Mỹ An, Huyện Phù Mỹ, Tỉnh Bình Định, Việt Nam"
https://masothue.com/0317069924-cong-ty-tnhh-thuy-san-cong-nghe-cao-viet-nam,0317069924,Nuôi trồng thuỷ sản biển,CÔNG TY TNHH THỦY SẢN CÔNG NGHỆ CAO VIỆT NAM - CHI NHÁNH 1 TẠI BÌNH THUẬN,0317069924-011,MONTREE SOMKAEW,"Cây số 1595, quốc lộ 1A, Xã Vĩnh Tân, Huyện Tuy Phong, Tỉnh Bình Thuận, Việt Nam"
https://masothue.com/0317069924-cong-ty-tnhh-thuy-san-cong-nghe-cao-viet-nam,0317069924,Nuôi trồng thuỷ sản biển,CÔNG TY TNHH THỦY SẢN CÔNG NGHỆ CAO VIỆT NAM - CHI NHÁNH 1 TẠI BẠC LIÊU,0317069924-012,MUHUMMUD SAHAM,"Ấp Vĩnh Mới, Xã Vĩnh Thịnh, Huyện Hoà Bình, Tỉnh Bạc Liêu, Việt Nam"
https://masothue.com/0317069924-cong-ty-tnhh-thuy-san-cong-nghe-cao-viet-nam,0317069924,Nuôi trồng thuỷ sản biển,CÔNG TY TNHH THỦY SẢN CÔNG NGHỆ CAO VIỆT NAM - CHI NHÁNH 1 TẠI NINH THUẬN,0317069924-013,MONTREE SOMKAEW,"Thôn Hòa Thạnh, Xã An Hải, Huyện Ninh Phước, Tỉnh Ninh Thuận, Việt Nam"
https://masothue.com/0317069924-cong-ty-tnhh-thuy-san-cong-nghe-cao-viet-nam,0317069924,Nuôi trồng thuỷ sản biển,CÔNG TY TNHH THỦY SẢN CÔNG NGHỆ CAO VIỆT NAM - CHI NHÁNH 2 TẠI VŨNG TÀU,0317069924-014,PIYAPONG CHATKUL,"Khu phố Lộc An, Thị Trấn Phước Hải, Huyện Đất đỏ, Tỉnh Bà Rịa - Vũng Tàu, Việt Nam"
https://masothue.com/0317069924-cong-ty-tnhh-thuy-san-cong-nghe-cao-viet-nam,0317069924,Nuôi trồng thuỷ sản biển,CÔNG TY TNHH THỦY SẢN CÔNG NGHỆ CAO VIỆT NAM- CHI NHÁNH 1 TẠI QUẢNG BÌNH,0317069924-015,WIKRAN SAMAKSAMAN,"Thôn Bắc Hòa, Xã Ngư Thuỷ Bắc, Huyện Lệ Thuỷ, Tỉnh Quảng Bình, Việt Nam"
https://masothue.com/0317069924-cong-ty-tnhh-thuy-san-cong-nghe-cao-viet-nam,0317069924,Nuôi trồng thuỷ sản biển,CÔNG TY TNHH THỦY SẢN CÔNG NGHỆ CAO VIỆT NAM - CHI NHÁNH 2 TẠI QUẢNG BÌNH,0317069924-016,JIROT RATTANAPAKDEE,"Thôn Bắc Hòa, Xã Ngư Thuỷ Bắc, Huyện Lệ Thuỷ, Tỉnh Quảng Bình, Việt Nam"
https://masothue.com/3801181882-cong-ty-tnhh-cpv-food,3801181882,"Chế biến, bảo quản thịt và các sản phẩm từ thịt",,,,
https://masothue.com/0310625379-cong-ty-tnhh-scj-tv-shopping,0310625379,Bán lẻ hình thức khác chưa được phân vào đâu,CHI NHÁNH CÔNG TY TNHH SCJ TV SHOPPING TẠI BÌNH DƯƠNG,0310625379-001,TRƯƠNG CHÍ BÌNH,"Kho Nam Liên, Lô J2, đường số 10, KCN Sóng Thần 1, Phường Dĩ An, Thành phố Dĩ An, Tỉnh Bình Dương, Việt Nam"
https://masothue.com/0310625379-cong-ty-tnhh-scj-tv-shopping,0310625379,Bán lẻ hình thức khác chưa được phân vào đâu,CHI NHÁNH CÔNG TY TNHH SCJ TV SHOPPING TẠI HƯNG YÊN,0310625379-002,TRƯƠNG CHÍ BÌNH,"Thôn Tuấn Dị, Xã Trưng Trắc, Huyện Văn Lâm, Tỉnh Hưng Yên, Việt Nam"
https://masothue.com/0313627046-cong-ty-tnhh-dau-tu-kinh-doanh-ha-tang-sctv,0313627046,"Bán buôn thiết bị và linh kiện điện tử, viễn thông",,,,
https://masothue.com/0101013157-cong-ty-tnhh-dau-tu-thuong-mai-trang-tien,0101013157,"Kinh doanh bất động sản, quyền sử dụng đất thuộc chủ sở hữu, chủ sử dụng hoặc đi thuê",,,,
https://masothue.com/0200105264-cong-ty-tnhh-mot-thanh-vien-dau-tu-va-phat-trien-hpi,0200105264,"Bán buôn máy móc, thiết bị và phụ tùng máy khác",,,,
https://masothue.com/0300459556-cong-ty-tnhh-mot-thanh-vien-in-thong-ke-thanh-pho-ho-chi-minh,0300459556,In ấn,,,,
https://masothue.com/1600169225-cong-ty-tnhh-mot-thanh-vien-khai-thac-va-che-bien-da-an-giang,1600169225,"Khai thác đá, cát, sỏi, đất sét",XÍ NGHIỆP ĐÁ BÀ ĐỘI,1600169225-001,Nguyễn Quang Bữu,Xã Tân Lợi - - Huyện Tịnh Biên - An Giang.
https://masothue.com/1600169225-cong-ty-tnhh-mot-thanh-vien-khai-thac-va-che-bien-da-an-giang,1600169225,"Khai thác đá, cát, sỏi, đất sét",CỬA HÀNG VLXD VỊ THANH,1600169225-003,Nguyễn Thanh Sơn,KV3 Phường 5 - - Thành phố Vị Thanh - Hậu Giang.
https://masothue.com/1600169225-cong-ty-tnhh-mot-thanh-vien-khai-thac-va-che-bien-da-an-giang,1600169225,"Khai thác đá, cát, sỏi, đất sét",XÍ NGHIỆP CƠ KHÍ,1600169225-004,Trần Công Tâm,Xã Cô Tô - - Tỉnh An Giang - An Giang.
https://masothue.com/1600169225-cong-ty-tnhh-mot-thanh-vien-khai-thac-va-che-bien-da-an-giang,1600169225,"Khai thác đá, cát, sỏi, đất sét",XÍ NGHIỆP VẬN TẢI VÀ KINH DOANH VẬT LIỆU XÂY DỰNG,1600169225-005,Trần Đức Lượng,Xã Cô Tô - - Huyện Tri Tôn - An Giang.
https://masothue.com/1600169225-cong-ty-tnhh-mot-thanh-vien-khai-thac-va-che-bien-da-an-giang,1600169225,"Khai thác đá, cát, sỏi, đất sét",XÍ NGHIỆP CHẾ BIẾN ĐÁ,1600169225-006,Đặng Quang Phục,Xã Cô Tô - - Huyện Tri Tôn - An Giang.
https://masothue.com/1600169225-cong-ty-tnhh-mot-thanh-vien-khai-thac-va-che-bien-da-an-giang,1600169225,"Khai thác đá, cát, sỏi, đất sét",XÍ NGHIỆP CƠ GIỚI,1600169225-007,Đỗ Minh Trí,Xã Cô Tô - - Huyện Tri Tôn - An Giang.
https://masothue.com/1600169225-cong-ty-tnhh-mot-thanh-vien-khai-thac-va-che-bien-da-an-giang,1600169225,"Khai thác đá, cát, sỏi, đất sét",CỬA HÀNG VẬT LIỆU XÂY DỰNG CHÂU ĐỐC,1600169225-008,Nguyễn Văn Thành,Xã Vĩnh Mỹ - - Thành phố Châu Đốc - An Giang.
https://masothue.com/1600169225-cong-ty-tnhh-mot-thanh-vien-khai-thac-va-che-bien-da-an-giang,1600169225,"Khai thác đá, cát, sỏi, đất sét",CỬA HÀNG VẬT LIỆU XÂY DỰNG LONG XUYÊN,1600169225-009,Trần Đức Lượng,"Tổ 53 ấp Tây Khánh, Mỹ Hoà - - Tỉnh An Giang - An Giang."
https://masothue.com/1600169225-cong-ty-tnhh-mot-thanh-vien-khai-thac-va-che-bien-da-an-giang,1600169225,"Khai thác đá, cát, sỏi, đất sét",CHI NHÁNH CÔNG TY TNHH MỘT THÀNH VIÊN KHAI THÁC VÀ CHẾ BIẾN ĐÁ AN GIANG-CỬA HÀNG XĂNG DẦU KHAI THÁC ĐÁ AN GIANG,1600169225-010,VÕ NGUYÊN THÀNH NHƠN,"Khóm Tô Bình, Thị trấn Cô Tô, Huyện Tri Tôn, Tỉnh An Giang, Việt Nam"
https://masothue.com/0108231041-cong-ty-tnhh-mtv-tong-cong-ty-xay-lap-va-thuong-mai-petrolimex,0108231041,Xây dựng nhà để ở,CHI NHÁNH PHÚ THỌ - CÔNG TY TNHH MTV – TỔNG CÔNG TY XÂY LẮP VÀ THƯƠNG MẠI PETROLIMEX,0108231041-001,NGUYỄN THỊ HUÊ,"Phố Hồng Hà, Phường Bến Gót, Thành phố Việt Trì, Tỉnh Phú Thọ, Việt Nam"
https://masothue.com/0108231041-cong-ty-tnhh-mtv-tong-cong-ty-xay-lap-va-thuong-mai-petrolimex,0108231041,Xây dựng nhà để ở,CHI NHÁNH ĐỒNG NAI - CÔNG TY CỔ PHẦN – TỔNG CÔNG TY XÂY LẮP VÀ THƯƠNG MẠI PETROLIMEX,0108231041-002,PHÙNG NGỌC QUANG,"108-109-110 Khu công nghiệp Dệt may Nhơn Trạch, Thị trấn Hiệp Phước, Huyện Nhơn Trạch, Tỉnh Đồng Nai, Việt Nam"
https://masothue.com/0300695803-cong-ty-tnhh-castrol-bp-petco,0300695803,Sản xuất sản phẩm dầu mỏ tinh chế,VĂN PHÒNG GIAO DỊCH HÀ NỘI - CÔNG TY LIÊN DOANH BP PETCO,0300695803-001,Mr Mike Johnson,49 Hai Bà Trưng - - Quận Hoàn Kiếm - Hà Nội.
https://masothue.com/0300695803-cong-ty-tnhh-castrol-bp-petco,0300695803,Sản xuất sản phẩm dầu mỏ tinh chế,CHI NHÁNH CÔNG TY TNHH CASTROL BP PETCO TẠI HÀ NỘI,0300695803-002,Lê Xuân Hoàng,"Phòng 701,Tầng 7 Tháp Hà Nội,Số 49 Hai Bà Trưng - Phường Trần Hưng Đạo - Quận Hoàn Kiếm - Hà Nội."
https://masothue.com/0400101683-cong-ty-xang-dau-khu-vuc-v-tnhh-mot-thanh-vien,0400101683,"Bán buôn nhiên liệu rắn, lỏng, khí và các sản phẩm liên quan",XÍ NGHIỆP VẬN TẢI VÀ XÂY LẮP,0400101683-001,Lê Quang Đài,430 Ông ích Khiêm - - Quận Hải Châu - Đà Nẵng.
https://masothue.com/0400101683-cong-ty-xang-dau-khu-vuc-v-tnhh-mot-thanh-vien,0400101683,"Bán buôn nhiên liệu rắn, lỏng, khí và các sản phẩm liên quan",XÍ NGHIỆP GAS ĐÀ NẴNG,0400101683-002,Võ Trọng Hải,01 Lê Quí Đôn - - Quận Hải Châu - Đà Nẵng.
https://masothue.com/0400101683-cong-ty-xang-dau-khu-vuc-v-tnhh-mot-thanh-vien,0400101683,"Bán buôn nhiên liệu rắn, lỏng, khí và các sản phẩm liên quan",CHI NHÁNH CÔNG TY XĂNG DẦU KHU VỰC V - TNHH MỘT THÀNH VIÊN TẠI QUẢNG NAM,0400101683-003,NGUYỄN NGỌC HÙNG,"104 Trần Quý Cáp, Phường Hòa Thuận, Thành phố Tam Kỳ, Tỉnh Quảng Nam, Việt Nam"
https://masothue.com/0400101683-cong-ty-xang-dau-khu-vuc-v-tnhh-mot-thanh-vien,0400101683,"Bán buôn nhiên liệu rắn, lỏng, khí và các sản phẩm liên quan",CHI NHÁNH XĂNG DẦU QUẢNG NGÃI,0400101683-004,Chu Đức Thọ,09 Lê Ngung - - Thành phố Quảng Ngãi - Quảng Ngãi.
https://masothue.com/0400101683-cong-ty-xang-dau-khu-vuc-v-tnhh-mot-thanh-vien,0400101683,"Bán buôn nhiên liệu rắn, lỏng, khí và các sản phẩm liên quan",PETROLIMEX - CỬA HÀNG 02,0400101683-029,DƯƠNG THÁI SƠN,"627 Nguyễn Lương Bằng, Phường Hoà Hiệp Nam, Quận Liên Chiểu, Thành phố Đà Nẵng, Việt Nam"
https://masothue.com/0400101683-cong-ty-xang-dau-khu-vuc-v-tnhh-mot-thanh-vien,0400101683,"Bán buôn nhiên liệu rắn, lỏng, khí và các sản phẩm liên quan",CỬA HÀNG XĂNG DẦU SỐ 3 - CÔNG TY XĂNG DẦU KHU VỰC V-TNHH MỘT THÀNH VIÊN,0400101683-030,TRẦN BÌNH THƯƠNG,"625 Điện Biên Phủ, Phường Thanh Khê Tây, Quận Thanh Khê, Thành phố Đà Nẵng, Việt Nam"
https://masothue.com/0400101683-cong-ty-xang-dau-khu-vuc-v-tnhh-mot-thanh-vien,0400101683,"Bán buôn nhiên liệu rắn, lỏng, khí và các sản phẩm liên quan",PETROLIMEX - CỬA HÀNG 01,0400101683-031,TỪ THIỆN VỸ,"Thôn Miếu Bông, Xã Hoà Phước, Huyện Hoà Vang, Thành phố Đà Nẵng, Việt Nam"
https://masothue.com/0400101683-cong-ty-xang-dau-khu-vuc-v-tnhh-mot-thanh-vien,0400101683,"Bán buôn nhiên liệu rắn, lỏng, khí và các sản phẩm liên quan",PETROLIMEX - CỬA HÀNG 05,0400101683-032,DƯƠNG THÁI SƠN,"337 Tôn Đức Thắng, Phường Hoà Minh, Quận Liên Chiểu, Thành phố Đà Nẵng, Việt Nam"
https://masothue.com/0400101683-cong-ty-xang-dau-khu-vuc-v-tnhh-mot-thanh-vien,0400101683,"Bán buôn nhiên liệu rắn, lỏng, khí và các sản phẩm liên quan",PETROLIMEX - CỬA HÀNG 06,0400101683-033,DƯƠNG THÁI SƠN,"01 Trần Phú, Phường Thạch Thang, Quận Hải Châu, Thành phố Đà Nẵng, Việt Nam"
https://masothue.com/0400101683-cong-ty-xang-dau-khu-vuc-v-tnhh-mot-thanh-vien,0400101683,"Bán buôn nhiên liệu rắn, lỏng, khí và các sản phẩm liên quan",PETROLIMEX -CỬA HÀNG 07,0400101683-034,DƯƠNG THÁI SƠN,"Số 393 đường Nguyễn Văn Linh, Phường Thạc Gián, Quận Thanh Khê, Thành phố Đà Nẵng, Việt Nam"
https://masothue.com/0400101683-cong-ty-xang-dau-khu-vuc-v-tnhh-mot-thanh-vien,0400101683,"Bán buôn nhiên liệu rắn, lỏng, khí và các sản phẩm liên quan",PETROLIMEX - CỬA HÀNG 04,0400101683-035,DƯƠNG THÁI SƠN,"125 Trưng Nữ Vương, Phường Bình Thuận, Quận Hải Châu, Thành phố Đà Nẵng, Việt Nam"
https://masothue.com/0400101683-cong-ty-xang-dau-khu-vuc-v-tnhh-mot-thanh-vien,0400101683,"Bán buôn nhiên liệu rắn, lỏng, khí và các sản phẩm liên quan",PETROLIMEX - CỬA HÀNG 08,0400101683-036,DƯƠNG THÁI SƠN,"172 Quang Trung, Phường Thạch Thang, Quận Hải Châu, Thành phố Đà Nẵng, Việt Nam"
https://masothue.com/0400101683-cong-ty-xang-dau-khu-vuc-v-tnhh-mot-thanh-vien,0400101683,"Bán buôn nhiên liệu rắn, lỏng, khí và các sản phẩm liên quan",PETROLIMEX - CỬA HÀNG 09,0400101683-037,DƯƠNG THÁI SƠN,"81 Lê Văn Hiến, Phường Khuê Mỹ, Quận Ngũ Hành Sơn, Thành phố Đà Nẵng, Việt Nam"
https://masothue.com/0400101683-cong-ty-xang-dau-khu-vuc-v-tnhh-mot-thanh-vien,0400101683,"Bán buôn nhiên liệu rắn, lỏng, khí và các sản phẩm liên quan",PETROLIMEX- CỬA HÀNG 10,0400101683-038,DƯƠNG THÁI SƠN,"Quốc Lộ 14 B, tổ 23, Phường Hoà Thọ Tây, Quận Cẩm Lệ, Thành phố Đà Nẵng, Việt Nam"
https://masothue.com/0400101683-cong-ty-xang-dau-khu-vuc-v-tnhh-mot-thanh-vien,0400101683,"Bán buôn nhiên liệu rắn, lỏng, khí và các sản phẩm liên quan",PETROLIMEX - CỬA HÀNG 11,0400101683-039,DƯƠNG THÁI SƠN,"686 đường 2/9, Phường Hoà Cường Nam, Quận Hải Châu, Thành phố Đà Nẵng, Việt Nam"
https://masothue.com/0400101683-cong-ty-xang-dau-khu-vuc-v-tnhh-mot-thanh-vien,0400101683,"Bán buôn nhiên liệu rắn, lỏng, khí và các sản phẩm liên quan",PETROLIMEX - CỬA HÀNG 17,0400101683-040,DƯƠNG THÁI SƠN,"Lô 93 đường Nguyễn Hữu Thọ, Tổ 23, Phường Khuê Trung, Quận Cẩm Lệ, Thành phố Đà Nẵng, Việt Nam"
https://masothue.com/0400101683-cong-ty-xang-dau-khu-vuc-v-tnhh-mot-thanh-vien,0400101683,"Bán buôn nhiên liệu rắn, lỏng, khí và các sản phẩm liên quan",PETROLIMEX - CỬA HÀNG 16,0400101683-041,DƯƠNG THÁI SƠN,"Quốc lộ 14B, Thôn Phú Sơn Nam, Xã Hoà Khương, Huyện Hoà Vang, Thành phố Đà Nẵng, Việt Nam"
https://masothue.com/0400101683-cong-ty-xang-dau-khu-vuc-v-tnhh-mot-thanh-vien,0400101683,"Bán buôn nhiên liệu rắn, lỏng, khí và các sản phẩm liên quan",PETROLIMEX - CỬA HÀNG 18,0400101683-042,DƯƠNG THÁI SƠN,"Quốc lộ 1A, Thôn Quá Giáng, Xã Hoà Phước, Huyện Hoà Vang, Thành phố Đà Nẵng, Việt Nam"
https://masothue.com/0400101683-cong-ty-xang-dau-khu-vuc-v-tnhh-mot-thanh-vien,0400101683,"Bán buôn nhiên liệu rắn, lỏng, khí và các sản phẩm liên quan",PETROLIMEX - CỬA HÀNG 19,0400101683-043,DƯƠNG THÁI SƠN,"Lô C2, đường Hồ Quý Ly, Tổ 71, Phường Hoà Minh, Quận Liên Chiểu, Thành phố Đà Nẵng, Việt Nam"
https://masothue.com/0400101683-cong-ty-xang-dau-khu-vuc-v-tnhh-mot-thanh-vien,0400101683,"Bán buôn nhiên liệu rắn, lỏng, khí và các sản phẩm liên quan",PETROLIMEX - CỬA HÀNG 21,0400101683-044,DƯƠNG THÁI SƠN,"Đường Nam Hải Vân, Thôn Thạch Nham, Xã Hoà Nhơn, Huyện Hoà Vang, Thành phố Đà Nẵng, Việt Nam"
https://masothue.com/0400101683-cong-ty-xang-dau-khu-vuc-v-tnhh-mot-thanh-vien,0400101683,"Bán buôn nhiên liệu rắn, lỏng, khí và các sản phẩm liên quan",TỔNG KHO XĂNG DẦU ĐÀ NẴNG - CÔNG TY XĂNG DẦU KHU VỰC V-TNHH MỘT THÀNH VIÊN,0400101683-045,TRẦN BÌNH THƯƠNG,"77 Lê Văn Hiến, Tổ 16, Phường Khuê Mỹ, Quận Ngũ Hành Sơn, Thành phố Đà Nẵng, Việt Nam"
https://masothue.com/0400101683-cong-ty-xang-dau-khu-vuc-v-tnhh-mot-thanh-vien,0400101683,"Bán buôn nhiên liệu rắn, lỏng, khí và các sản phẩm liên quan",PETROLIMEX - CỬA HÀNG 23,0400101683-046,DƯƠNG THÁI SƠN,"Đường số 09, Khu công nghiệp Hòa Khánh, Phường Hoà Khánh Bắc, Quận Liên Chiểu, Thành phố Đà Nẵng, Việt Nam"
https://masothue.com/0400101683-cong-ty-xang-dau-khu-vuc-v-tnhh-mot-thanh-vien,0400101683,"Bán buôn nhiên liệu rắn, lỏng, khí và các sản phẩm liên quan",PETROLIMEX - CỬA HÀNG 14,0400101683-047,DƯƠNG THÁI SƠN,"Quốc lộ 14B, Thôn Cẩm Toại Trung, Xã Hoà Phong, Huyện Hoà Vang, Thành phố Đà Nẵng, Việt Nam"
https://masothue.com/0400101683-cong-ty-xang-dau-khu-vuc-v-tnhh-mot-thanh-vien,0400101683,"Bán buôn nhiên liệu rắn, lỏng, khí và các sản phẩm liên quan",PETROLIMEX - CỬA HÀNG 12,0400101683-048,DƯƠNG THÁI SƠN,"Thôn Nhơn Thu, Xã Hoà Phước, Huyện Hoà Vang, Thành phố Đà Nẵng, Việt Nam"
https://masothue.com/0400101683-cong-ty-xang-dau-khu-vuc-v-tnhh-mot-thanh-vien,0400101683,"Bán buôn nhiên liệu rắn, lỏng, khí và các sản phẩm liên quan",PETROLIMEX - CỬA HÀNG 15,0400101683-049,DƯƠNG THÁI SƠN,"140 Nguyễn Văn Thoại, Tổ 22, Phường Mỹ An, Quận Ngũ Hành Sơn, Thành phố Đà Nẵng, Việt Nam"
https://masothue.com/0400101683-cong-ty-xang-dau-khu-vuc-v-tnhh-mot-thanh-vien,0400101683,"Bán buôn nhiên liệu rắn, lỏng, khí và các sản phẩm liên quan",PETROLIMEX - CỬA HÀNG 22,0400101683-050,DƯƠNG THÁI SƠN,"đường Trần Đại Nghĩa, Tổ 18, Phường Hoà Hải, Quận Ngũ Hành Sơn, Thành phố Đà Nẵng, Việt Nam"
https://masothue.com/0400101683-cong-ty-xang-dau-khu-vuc-v-tnhh-mot-thanh-vien,0400101683,"Bán buôn nhiên liệu rắn, lỏng, khí và các sản phẩm liên quan",PETROLIMEX - CỬA HÀNG 20,0400101683-051,DƯƠNG THÁI SƠN,"Lô A2-4 Ngô Quyền, Phường Thọ Quang, Quận Sơn Trà, Thành phố Đà Nẵng, Việt Nam"
https://masothue.com/0400101683-cong-ty-xang-dau-khu-vuc-v-tnhh-mot-thanh-vien,0400101683,"Bán buôn nhiên liệu rắn, lỏng, khí và các sản phẩm liên quan",PETROLIMEX - CỬA HÀNG 24,0400101683-052,DƯƠNG THÁI SƠN,"125 Trưng Nữ Vương, Phường Bình Thuận, Quận Hải Châu, Thành phố Đà Nẵng, Việt Nam"
https://masothue.com/1400103562-cong-ty-xang-dau-dong-thap-tnhh-01tv,1400103562,"Bán buôn nhiên liệu rắn, lỏng, khí và các sản phẩm liên quan",TỔNG ĐẠI LÝ BẢO HIỂM BJICO TẠI ĐỒNG THÁP,1400103562-001,,A105b Lý Thường Kiệt - - Thành phố Cao Lãnh - Đồng Tháp.
https://masothue.com/1400103562-cong-ty-xang-dau-dong-thap-tnhh-01tv,1400103562,"Bán buôn nhiên liệu rắn, lỏng, khí và các sản phẩm liên quan",CỬA HÀNG KD DẦU NHỜN VÀ GA ĐỐT,1400103562-002,,TT Hồng Ngự - - Huyện Hồng Ngự - Đồng Tháp.
https://masothue.com/1400103562-cong-ty-xang-dau-dong-thap-tnhh-01tv,1400103562,"Bán buôn nhiên liệu rắn, lỏng, khí và các sản phẩm liên quan",CỬA HÀNG XĂNG DẦU HÒA BÌNH ( ĐỔI TÊN TỪ CỬA HÀNG XĂNG DẦU HƯNG THẠNH ),1400103562-003,NGUYỄN ĐỨC LẬP,"Ấp 2, Xã Hoà Bình, Huyện Tam Nông, Tỉnh Đồng Tháp, Việt Nam"
https://masothue.com/1400103562-cong-ty-xang-dau-dong-thap-tnhh-01tv,1400103562,"Bán buôn nhiên liệu rắn, lỏng, khí và các sản phẩm liên quan",CỬA HÀNG BÁN LẺ XĂNG DẦU THÔNG BÌNH,1400103562-004,,Xã Thông Bình - - Huyện Tân Hồng - Đồng Tháp.
https://masothue.com/1400103562-cong-ty-xang-dau-dong-thap-tnhh-01tv,1400103562,"Bán buôn nhiên liệu rắn, lỏng, khí và các sản phẩm liên quan",PETROLIMEX-CỬA HÀNG 42,1400103562-005,ĐINH QUỐC TOÀN,"Khóm 1, Thị Trấn Sa Rài, Huyện Tân Hồng, Tỉnh Đồng Tháp, Việt Nam"
https://masothue.com/1400103562-cong-ty-xang-dau-dong-thap-tnhh-01tv,1400103562,"Bán buôn nhiên liệu rắn, lỏng, khí và các sản phẩm liên quan",PETROLIMEX-CỬA HÀNG 46,1400103562-006,LÊ KIM HÂN,"Khóm An Thạnh B, Phường An Lộc, Thành phố Hồng Ngự, Tỉnh Đồng Tháp, Việt Nam"
https://masothue.com/1400103562-cong-ty-xang-dau-dong-thap-tnhh-01tv,1400103562,"Bán buôn nhiên liệu rắn, lỏng, khí và các sản phẩm liên quan",CỬA HÀNG BÁN LẺ XĂNG DẦU PHÚ THÀNH A,1400103562-007,,Xã Phú Thành - - Huyện Tam Nông - Đồng Tháp.
https://masothue.com/1400103562-cong-ty-xang-dau-dong-thap-tnhh-01tv,1400103562,"Bán buôn nhiên liệu rắn, lỏng, khí và các sản phẩm liên quan",PETROLIMEX-CỬA HÀNG 33,1400103562-008,NGUYỄN TRUNG HIẾU,"Khóm 2, Thị Trấn Tràm Chim, Huyện Tam Nông, Tỉnh Đồng Tháp, Việt Nam"
https://masothue.com/1400103562-cong-ty-xang-dau-dong-thap-tnhh-01tv,1400103562,"Bán buôn nhiên liệu rắn, lỏng, khí và các sản phẩm liên quan",PETROLIMEX-CỬA HÀNG 49,1400103562-009,NGUYỄN THANH KIỀU,"Khóm 4 , Thị Trấn Tràm Chim, Huyện Tam Nông, Tỉnh Đồng Tháp, Việt Nam"
https://masothue.com/1400103562-cong-ty-xang-dau-dong-thap-tnhh-01tv,1400103562,"Bán buôn nhiên liệu rắn, lỏng, khí và các sản phẩm liên quan",PETROLIMEX-CỬA HÀNG 29,1400103562-010,BẠCH THỊ TRÚC GIANG,"Khóm Tân Đông B, Thị Trấn Thanh Bình, Huyện Thanh Bình, Tỉnh Đồng Tháp, Việt Nam"
https://masothue.com/1400103562-cong-ty-xang-dau-dong-thap-tnhh-01tv,1400103562,"Bán buôn nhiên liệu rắn, lỏng, khí và các sản phẩm liên quan",PETROLIMEX-CỬA HÀNG 27,1400103562-011,TRẦN TRUNG TUYÊN,"Ấp Bình Hòa, Xã Bình Thành, Huyện Thanh Bình, Tỉnh Đồng Tháp, Việt Nam"
https://masothue.com/1400103562-cong-ty-xang-dau-dong-thap-tnhh-01tv,1400103562,"Bán buôn nhiên liệu rắn, lỏng, khí và các sản phẩm liên quan",PETROLIMEX-CỬA HÀNG 02,1400103562-012,VÕ THÚY DIỄM,"Khóm 1, Phường 11, Thành phố Cao Lãnh, Tỉnh Đồng Tháp, Việt Nam"
https://masothue.com/1400103562-cong-ty-xang-dau-dong-thap-tnhh-01tv,1400103562,"Bán buôn nhiên liệu rắn, lỏng, khí và các sản phẩm liên quan",PETROLIMEX-CỬA HÀNG 11,1400103562-013,LÊ THANH TRƯỜNG,"Khóm Mỹ Tây, Thị Trấn Mỹ Thọ, Huyện Cao Lãnh, Tỉnh Đồng Tháp, Việt Nam"
https://masothue.com/1400103562-cong-ty-xang-dau-dong-thap-tnhh-01tv,1400103562,"Bán buôn nhiên liệu rắn, lỏng, khí và các sản phẩm liên quan",PETROLIMEX-CỬA HÀNG 25,1400103562-014,NGUYỄN THỊ NGỌC GIÀU EM,"Ấp Mỹ Tây 2, Xã Mỹ Quý, Huyện Tháp Mười, Tỉnh Đồng Tháp, Việt Nam"
https://masothue.com/1400103562-cong-ty-xang-dau-dong-thap-tnhh-01tv,1400103562,"Bán buôn nhiên liệu rắn, lỏng, khí và các sản phẩm liên quan",PETROLIMEX-CỬA HÀNG 24,1400103562-015,TRẦN VĂN LƯỢM,"Ấp Mỹ Tây 2, Xã Mỹ Quý, Huyện Tháp Mười, Tỉnh Đồng Tháp, Việt Nam"
https://masothue.com/1400103562-cong-ty-xang-dau-dong-thap-tnhh-01tv,1400103562,"Bán buôn nhiên liệu rắn, lỏng, khí và các sản phẩm liên quan",PETROLIMEX-CỬA HÀNG 14,1400103562-016,NGUYỄN VĂN THỌ,"Khóm 2, Thị Trấn Mỹ An, Huyện Tháp Mười, Tỉnh Đồng Tháp, Việt Nam"
https://masothue.com/1400103562-cong-ty-xang-dau-dong-thap-tnhh-01tv,1400103562,"Bán buôn nhiên liệu rắn, lỏng, khí và các sản phẩm liên quan",PETROLIMEX-CỬA HÀNG 50,1400103562-017,LÊ MAI ĐÔNG,"Ấp Tân Bình, Xã Tân Nhuận Đông, Huyện Châu Thành, Tỉnh Đồng Tháp, Việt Nam"
https://masothue.com/1400103562-cong-ty-xang-dau-dong-thap-tnhh-01tv,1400103562,"Bán buôn nhiên liệu rắn, lỏng, khí và các sản phẩm liên quan",CỬA HÀNG XĂNG DẦU PHÚ LỢI,1400103562-018,NGUYỄN VĂN GIÀU,"Xã Phú Lợi, Huyện Thanh Bình, Tỉnh Đồng Tháp, Việt Nam"
https://masothue.com/1400103562-cong-ty-xang-dau-dong-thap-tnhh-01tv,1400103562,"Bán buôn nhiên liệu rắn, lỏng, khí và các sản phẩm liên quan",PETROLIMEX-CỬA HÀNG 01,1400103562-019,HỒ THANH VINH,"Khóm 2, Phường 4, Thành phố Cao Lãnh, Tỉnh Đồng Tháp, Việt Nam"
https://masothue.com/1400103562-cong-ty-xang-dau-dong-thap-tnhh-01tv,1400103562,"Bán buôn nhiên liệu rắn, lỏng, khí và các sản phẩm liên quan",CỬA HÀNG XĂNG DẦU MỸ AN HƯNG,1400103562-020,Hồ Minh Bạch,Xã Mỹ An Hưng - - Huyện Lấp Vò - Đồng Tháp.
https://masothue.com/1400103562-cong-ty-xang-dau-dong-thap-tnhh-01tv,1400103562,"Bán buôn nhiên liệu rắn, lỏng, khí và các sản phẩm liên quan",PETROLIMEX-CỬA HÀNG 03,1400103562-021,NGUYỄN HOÀNG ANH,"Khóm Bình Thành 1, Thị Trấn Lấp Vò, Huyện Lấp Vò, Tỉnh Đồng Tháp, Việt Nam"
https://masothue.com/1400103562-cong-ty-xang-dau-dong-thap-tnhh-01tv,1400103562,"Bán buôn nhiên liệu rắn, lỏng, khí và các sản phẩm liên quan",PETROLIMEX-CỬA HÀNG 05,1400103562-022,LÊ TUẤN ANH,"Khóm 1, Thị Trấn Lai Vung, Huyện Lai Vung, Tỉnh Đồng Tháp, Việt Nam"
https://masothue.com/1400103562-cong-ty-xang-dau-dong-thap-tnhh-01tv,1400103562,"Bán buôn nhiên liệu rắn, lỏng, khí và các sản phẩm liên quan",PETROLIMEX-CỬA HÀNG 06,1400103562-023,TRẦN VĂN HÙNG,"Khóm Hòa Khánh, Phường 2, Thành phố Sa Đéc, Tỉnh Đồng Tháp, Việt Nam"
https://masothue.com/1400103562-cong-ty-xang-dau-dong-thap-tnhh-01tv,1400103562,"Bán buôn nhiên liệu rắn, lỏng, khí và các sản phẩm liên quan",PETROLIMEX-CỬA HÀNG 51,1400103562-024,MAI VĂN HÒA,"Ấp 3, Xã Bình Tấn, Huyện Thanh Bình, Tỉnh Đồng Tháp, Việt Nam"
https://masothue.com/1400103562-cong-ty-xang-dau-dong-thap-tnhh-01tv,1400103562,"Bán buôn nhiên liệu rắn, lỏng, khí và các sản phẩm liên quan",PETROLIMEX-CỬA HÀNG 04,1400103562-025,BÙI DUY THẮM,"Ấp Vĩnh Bình A, Xã Vĩnh Thạnh, Huyện Lấp Vò, Tỉnh Đồng Tháp, Việt Nam"
https://masothue.com/1400103562-cong-ty-xang-dau-dong-thap-tnhh-01tv,1400103562,"Bán buôn nhiên liệu rắn, lỏng, khí và các sản phẩm liên quan",PETROLIMEX-CỬA HÀNG 07,1400103562-026,NGUYỄN HOÀNG ĐỨC,"Ấp An Phú, Xã An Nhơn, Huyện Châu Thành, Tỉnh Đồng Tháp, Việt Nam"
https://masothue.com/1400103562-cong-ty-xang-dau-dong-thap-tnhh-01tv,1400103562,"Bán buôn nhiên liệu rắn, lỏng, khí và các sản phẩm liên quan",CỬA HÀNG XĂNG DẦU (NỔI) PHÚ THỌ,1400103562-027,Hồ Minh Bạch,Xã Phú Thọ - - Huyện Tam Nông - Đồng Tháp.
https://masothue.com/1400103562-cong-ty-xang-dau-dong-thap-tnhh-01tv,1400103562,"Bán buôn nhiên liệu rắn, lỏng, khí và các sản phẩm liên quan",PETROLIMEX-CỬA HÀNG 43,1400103562-028,BÙI PHÚC HẬU,"Khóm 1, Thị Trấn Sa Rài, Huyện Tân Hồng, Tỉnh Đồng Tháp, Việt Nam"
https://masothue.com/1400103562-cong-ty-xang-dau-dong-thap-tnhh-01tv,1400103562,"Bán buôn nhiên liệu rắn, lỏng, khí và các sản phẩm liên quan",CỬA HÀNG KINH DOANH GAS,1400103562-029,Hồ Minh Bạch,"số 34 Lý Thường Kiệt, Phường 1 - - Thành phố Cao Lãnh - Đồng Tháp."
https://masothue.com/1400103562-cong-ty-xang-dau-dong-thap-tnhh-01tv,1400103562,"Bán buôn nhiên liệu rắn, lỏng, khí và các sản phẩm liên quan",PETROLIMEX-CỬA HÀNG 09,1400103562-030,BÙI CẨM THÚY,"Ấp Tân Trong, Xã Tân Mỹ, Huyện Lấp Vò, Tỉnh Đồng Tháp, Việt Nam"
https://masothue.com/1400103562-cong-ty-xang-dau-dong-thap-tnhh-01tv,1400103562,"Bán buôn nhiên liệu rắn, lỏng, khí và các sản phẩm liên quan",PETROLIMEX-CỬA HÀNG 44,1400103562-031,NGUYỄN HOÀI NHÂN,"Ấp Công Tạo, Xã Bình Phú, Huyện Tân Hồng, Tỉnh Đồng Tháp, Việt Nam"
https://masothue.com/1400103562-cong-ty-xang-dau-dong-thap-tnhh-01tv,1400103562,"Bán buôn nhiên liệu rắn, lỏng, khí và các sản phẩm liên quan",CỬA HÀNG XĂNG DẦU TÂN PHÚ ĐÔNG,1400103562-032,Hồ Minh Bạch,xã Tân Phú Đông - - Thành phố Sa Đéc - Đồng Tháp.
https://masothue.com/1400103562-cong-ty-xang-dau-dong-thap-tnhh-01tv,1400103562,"Bán buôn nhiên liệu rắn, lỏng, khí và các sản phẩm liên quan",PETROLIMEX-CỬA HÀNG 30,1400103562-033,NGUYỄN NGUYÊN LYNH,"Ấp Trung, Xã Tân Thạnh, Huyện Thanh Bình, Tỉnh Đồng Tháp, Việt Nam"
https://masothue.com/1400103562-cong-ty-xang-dau-dong-thap-tnhh-01tv,1400103562,"Bán buôn nhiên liệu rắn, lỏng, khí và các sản phẩm liên quan",CỬA HÀNG XĂNG DẦU TÂN BÌNH,1400103562-034,Hồ Minh Bạch,"QL 80, Xã Tân bình - - Huyện Châu Thành - Đồng Tháp."
https://masothue.com/1400103562-cong-ty-xang-dau-dong-thap-tnhh-01tv,1400103562,"Bán buôn nhiên liệu rắn, lỏng, khí và các sản phẩm liên quan",CỬA HÀNG XĂNG DẦU TÂN MỸ 2,1400103562-035,Hồ Minh Bạch,"ấp 1, Xã Tân mỹ - - Huyện Thanh Bình - Đồng Tháp."
https://masothue.com/1400103562-cong-ty-xang-dau-dong-thap-tnhh-01tv,1400103562,"Bán buôn nhiên liệu rắn, lỏng, khí và các sản phẩm liên quan",CỬA HÀNG XĂNG DẦU TRÀM CHIM 2,1400103562-036,Hồ Minh Bạch,Thị trấn tràm chim - - Huyện Tam Nông - Đồng Tháp.
https://masothue.com/1400103562-cong-ty-xang-dau-dong-thap-tnhh-01tv,1400103562,"Bán buôn nhiên liệu rắn, lỏng, khí và các sản phẩm liên quan",PETROLIMEX-CỬA HÀNG 52,1400103562-037,THÁI QUỐC THANH,"Ấp Bình Nhứt, Xã Nhị Mỹ, Huyện Cao Lãnh, Tỉnh Đồng Tháp, Việt Nam"
https://masothue.com/1400103562-cong-ty-xang-dau-dong-thap-tnhh-01tv,1400103562,"Bán buôn nhiên liệu rắn, lỏng, khí và các sản phẩm liên quan",CỬA HÀNG XĂNG DẦU MỸ AN HƯNG,1400103562-038,Hồ Minh Bạch,"Tỉnh lộ 848, xã Mỹ An Hưng - - Huyện Lấp Vò - Đồng Tháp."
https://masothue.com/1400103562-cong-ty-xang-dau-dong-thap-tnhh-01tv,1400103562,"Bán buôn nhiên liệu rắn, lỏng, khí và các sản phẩm liên quan",PETROLIMEX-CỬA HÀNG 41,1400103562-039,PHAN VĂN LỢI,"Ấp Thành Lập, Xã Tân Công Chí, Huyện Tân Hồng, Tỉnh Đồng Tháp, Việt Nam"
https://masothue.com/1400103562-cong-ty-xang-dau-dong-thap-tnhh-01tv,1400103562,"Bán buôn nhiên liệu rắn, lỏng, khí và các sản phẩm liên quan",PETROLIMEX-CỬA HÀNG 15,1400103562-040,LÊ THỊ HỒNG BIÊN,"Khóm 3, Thị Trấn Mỹ An, Huyện Tháp Mười, Tỉnh Đồng Tháp, Việt Nam"
https://masothue.com/1400103562-cong-ty-xang-dau-dong-thap-tnhh-01tv,1400103562,"Bán buôn nhiên liệu rắn, lỏng, khí và các sản phẩm liên quan",PETROLIMEX-CỬA HÀNG 18,1400103562-041,PHẠM HOÀI BẢO,"Ấp 3, Xã Đốc Binh Kiều, Huyện Tháp Mười, Tỉnh Đồng Tháp, Việt Nam"
https://masothue.com/1400103562-cong-ty-xang-dau-dong-thap-tnhh-01tv,1400103562,"Bán buôn nhiên liệu rắn, lỏng, khí và các sản phẩm liên quan",PETROLIMEX-CỬA HÀNG 40,1400103562-042,LÂM VĂN KHÁNH,"Ấp An Thọ, Xã An Phước, Huyện Tân Hồng, Tỉnh Đồng Tháp, Việt Nam"
https://masothue.com/1400103562-cong-ty-xang-dau-dong-thap-tnhh-01tv,1400103562,"Bán buôn nhiên liệu rắn, lỏng, khí và các sản phẩm liên quan",PETROLIMEX-CỬA HÀNG 53,1400103562-043,THÁI THỊ NGỌC HUỆ,"Ấp 5, Xã Gáo Giồng, Huyện Cao Lãnh, Tỉnh Đồng Tháp, Việt Nam"
https://masothue.com/1400103562-cong-ty-xang-dau-dong-thap-tnhh-01tv,1400103562,"Bán buôn nhiên liệu rắn, lỏng, khí và các sản phẩm liên quan",PETROLIMEX-CỬA HÀNG 08,1400103562-044,ĐẶNG THANH SƠN,"Ấp Đông Huề, Xã Tân Khánh Đông, Thành phố Sa Đéc, Tỉnh Đồng Tháp, Việt Nam"
https://masothue.com/1400103562-cong-ty-xang-dau-dong-thap-tnhh-01tv,1400103562,"Bán buôn nhiên liệu rắn, lỏng, khí và các sản phẩm liên quan",PETROLIMEX-CỬA HÀNG 31,1400103562-045,LÊ THANH SANG,"Ấp Tân Thuận B, Xã Tân Phú, Huyện Thanh Bình, Tỉnh Đồng Tháp, Việt Nam"
https://masothue.com/1400103562-cong-ty-xang-dau-dong-thap-tnhh-01tv,1400103562,"Bán buôn nhiên liệu rắn, lỏng, khí và các sản phẩm liên quan",PETROLIMEX-CỬA HÀNG 13,1400103562-046,NGUYỄN THANH TUẤN,"Ấp 3, Xã Ba Sao, Huyện Cao Lãnh, Tỉnh Đồng Tháp, Việt Nam"
https://masothue.com/1400103562-cong-ty-xang-dau-dong-thap-tnhh-01tv,1400103562,"Bán buôn nhiên liệu rắn, lỏng, khí và các sản phẩm liên quan",CỬA HÀNG KINH DOANH CÁC LOẠI SẢN PHẨM HÓA DẦU MỸ THỌ,1400103562-047,DƯƠNG NGỌC ANH,"Thị Trấn Mỹ Thọ, Huyện Cao Lãnh, Tỉnh Đồng Tháp, Việt Nam"
https://masothue.com/1400103562-cong-ty-xang-dau-dong-thap-tnhh-01tv,1400103562,"Bán buôn nhiên liệu rắn, lỏng, khí và các sản phẩm liên quan",PETROLIMEX-CỬA HÀNG 20,1400103562-048,NGUYỄN TRỌNG NHÂN,"Ấp 6B, Xã Trường Xuân, Huyện Tháp Mười, Tỉnh Đồng Tháp, Việt Nam"
https://masothue.com/1400103562-cong-ty-xang-dau-dong-thap-tnhh-01tv,1400103562,"Bán buôn nhiên liệu rắn, lỏng, khí và các sản phẩm liên quan",PETROLIMEX-CỬA HÀNG 35,1400103562-049,NGÔ VĂN TUẤN,"Ấp Phú Thọ B, Xã Phú Thọ, Huyện Tam Nông, Tỉnh Đồng Tháp, Việt Nam"
https://masothue.com/1400103562-cong-ty-xang-dau-dong-thap-tnhh-01tv,1400103562,"Bán buôn nhiên liệu rắn, lỏng, khí và các sản phẩm liên quan",PETROLIMEX-CỬA HÀNG 45,1400103562-050,TRẦN THANH TÙNG,"Ấp Hoàng Việt, Xã Tân Phước, Huyện Tân Hồng, Tỉnh Đồng Tháp, Việt Nam"
https://masothue.com/1400103562-cong-ty-xang-dau-dong-thap-tnhh-01tv,1400103562,"Bán buôn nhiên liệu rắn, lỏng, khí và các sản phẩm liên quan",PETROLIMEX-CỬA HÀNG 36,1400103562-051,LÂM VĂN LƯNG,"Ấp Long Phú A, Xã Phú Thành A, Huyện Tam Nông, Tỉnh Đồng Tháp, Việt Nam"
https://masothue.com/1400103562-cong-ty-xang-dau-dong-thap-tnhh-01tv,1400103562,"Bán buôn nhiên liệu rắn, lỏng, khí và các sản phẩm liên quan",CỬA HÀNG KINH DOANH CÁC LOẠI SẢN PHẨM HÓA DẦU,1400103562-052,NGUYỄN VIỆT HÙNG,"Số 72 Tôn Đức Thắng, Tổ 24, khóm 5, Phường 1, Thành phố Cao Lãnh, Tỉnh Đồng Tháp, Việt Nam"
https://masothue.com/1400103562-cong-ty-xang-dau-dong-thap-tnhh-01tv,1400103562,"Bán buôn nhiên liệu rắn, lỏng, khí và các sản phẩm liên quan",PETROLIMEX-CỬA HÀNG 12,1400103562-053,PHẠM ÁNH TUYẾT,"Ấp 4, Xã Mỹ Hiệp, Huyện Cao Lãnh, Tỉnh Đồng Tháp, Việt Nam"
https://masothue.com/1400103562-cong-ty-xang-dau-dong-thap-tnhh-01tv,1400103562,"Bán buôn nhiên liệu rắn, lỏng, khí và các sản phẩm liên quan",PETROLIMEX-CỬA HÀNG 26,1400103562-054,NGUYỄN CHÍ TÂM,"Ấp 4, Xã Mỹ Đông, Huyện Tháp Mười, Tỉnh Đồng Tháp, Việt Nam"
https://masothue.com/1400103562-cong-ty-xang-dau-dong-thap-tnhh-01tv,1400103562,"Bán buôn nhiên liệu rắn, lỏng, khí và các sản phẩm liên quan",PETROLIMEX-CỬA HÀNG 28,1400103562-055,NGUYỄN TUẤN LINH,"Ấp Bình Định, Xã Bình Thành, Huyện Thanh Bình, Tỉnh Đồng Tháp, Việt Nam"
https://masothue.com/1400103562-cong-ty-xang-dau-dong-thap-tnhh-01tv,1400103562,"Bán buôn nhiên liệu rắn, lỏng, khí và các sản phẩm liên quan",PETROLIMEX-CỬA HÀNG 16,1400103562-056,NGUYỄN TẤN TÀI,"Khóm 1, Thị Trấn Mỹ An, Huyện Tháp Mười, Tỉnh Đồng Tháp, Việt Nam"
https://masothue.com/1400103562-cong-ty-xang-dau-dong-thap-tnhh-01tv,1400103562,"Bán buôn nhiên liệu rắn, lỏng, khí và các sản phẩm liên quan",PETROLIMEX-CỬA HÀNG 32,1400103562-057,THÁI TRƯƠNG THỊNH,"Ấp 3, Xã Tân Mỹ, Huyện Thanh Bình, Tỉnh Đồng Tháp, Việt Nam"
https://masothue.com/1400103562-cong-ty-xang-dau-dong-thap-tnhh-01tv,1400103562,"Bán buôn nhiên liệu rắn, lỏng, khí và các sản phẩm liên quan",PETROLIMEX-CỬA HÀNG 38,1400103562-058,NGUYỄN TRÚC GIANG,"Ấp 2, Xã Phú Ninh, Huyện Tam Nông, Tỉnh Đồng Tháp, Việt Nam"
https://masothue.com/1400103562-cong-ty-xang-dau-dong-thap-tnhh-01tv,1400103562,"Bán buôn nhiên liệu rắn, lỏng, khí và các sản phẩm liên quan",PETROLIMEX-CỬA HÀNG 19,1400103562-059,LÊ THANH TÙNG,"Ấp 2, Xã Mỹ Hòa, Huyện Tháp Mười, Tỉnh Đồng Tháp, Việt Nam"
https://masothue.com/1400103562-cong-ty-xang-dau-dong-thap-tnhh-01tv,1400103562,"Bán buôn nhiên liệu rắn, lỏng, khí và các sản phẩm liên quan",PETROLIMEX-CỬA HÀNG 47,1400103562-064,LÊ PHƯỚC TOÀN,"Khóm Trà Đư, Phường An Lạc, Thành phố Hồng Ngự, Tỉnh Đồng Tháp, Việt Nam"
https://masothue.com/1400103562-cong-ty-xang-dau-dong-thap-tnhh-01tv,1400103562,"Bán buôn nhiên liệu rắn, lỏng, khí và các sản phẩm liên quan",PETROLIMEX-CỬA HÀNG 37,1400103562-065,NGUYỄN VĂN GIÀU,"Ấp An Bình, Xã An Long, Huyện Tam Nông, Tỉnh Đồng Tháp, Việt Nam"
https://masothue.com/1400103562-cong-ty-xang-dau-dong-thap-tnhh-01tv,1400103562,"Bán buôn nhiên liệu rắn, lỏng, khí và các sản phẩm liên quan",PETROLIMEX-CỬA HÀNG 34,1400103562-066,NGUYỄN VĂN TÝ,"Khóm 4, Thị Trấn Tràm Chim, Huyện Tam Nông, Tỉnh Đồng Tháp, Việt Nam"
https://masothue.com/1400103562-cong-ty-xang-dau-dong-thap-tnhh-01tv,1400103562,"Bán buôn nhiên liệu rắn, lỏng, khí và các sản phẩm liên quan",PETROLIMEX-CỬA HÀNG 48,1400103562-067,TRẦN MINH THÀNH,"Ấp 1, Xã Thường Phước 1, Huyện Hồng Ngự, Tỉnh Đồng Tháp, Việt Nam"
https://masothue.com/2500150631-cong-ty-tnhh-cao-su-inoue-viet-nam,2500150631,"Sản xuất săm, lốp cao su; đắp và tái chế lốp cao su",CHI NHÁNH CÔNG TY TNHH CAO SU INOUE VIỆT NAM TẠI THÀNH PHỐ HỒ CHÍ MINH,2500150631-001,YAMANASHI TOMONOBU,"Số 363 Nguyễn Thái Bình , Phường 12, Quận Tân Bình, Thành phố Hồ Chí Minh, Việt Nam"
https://masothue.com/2500150631-cong-ty-tnhh-cao-su-inoue-viet-nam,2500150631,"Sản xuất săm, lốp cao su; đắp và tái chế lốp cao su",CHI NHÁNH CỦA CÔNG TY TNHH CAO SU INOUE VIỆT NAM TẠI PHÚ THỌ,2500150631-002,EIICHI YANO,"Lô đất CN-03 trong Khu công nghiệp Phú Hà, Xã Hà Lộc, Thị xã Phú Thọ, Tỉnh Phú Thọ, Việt Nam"
https://masothue.com/3400875234-cong-ty-trach-nhiem-huu-han-mot-thanh-vien-nang-luong-tai-tao-dien-luc-dau-khi-viet-nam,3400875234,"Sản xuất, truyền tải và phân phối điện",,,,
https://masothue.com/0100114480-cong-ty-tnhh-mot-thanh-vien-nguyen-du,0100114480,"Kinh doanh bất động sản, quyền sử dụng đất thuộc chủ sở hữu, chủ sử dụng hoặc đi thuê",,,,
https://masothue.com/0200112688-cong-ty-tnhh-thuoc-la-hai-phong,0200112688,Khác,,,,
https://masothue.com/0312627283-cong-ty-tnhh-lien-doanh-vina-bat,0312627283,Sản xuất sản phẩm thuốc lá,CHI NHÁNH CÔNG TY TNHH LIÊN DOANH VINA-BAT TẠI THÀNH PHỐ HỒ CHÍ MINH,0312627283-001,DORMOR SAMUEL JOSHUA,"Lầu 20, MPlaza Saigon, Số 39, Đường Lê Duẩn, Phường Bến Nghé, Quận 1, Thành phố Hồ Chí Minh, Việt Nam"
https://masothue.com/0312627283-cong-ty-tnhh-lien-doanh-vina-bat,0312627283,Sản xuất sản phẩm thuốc lá,CHI NHÁNH CÔNG TY TNHH LIÊN DOANH VINA-BAT TẠI TỈNH KIÊN GIANG,0312627283-002,VŨ TUẤN PHONG,"Lô G3, đường số 1, khu công nghiệp Thạnh Lộc, Xã Thạnh Lộc, Huyện Châu Thành, Tỉnh Kiên Giang, Việt Nam"
https://masothue.com/0101403767-cong-ty-tnhh-mot-thanh-vien-van-tai-hang-hoa-duong-sat,0101403767,Vận tải hàng hóa đường sắt,XÍ NGHIỆP ĐẦU MÁY YÊN VIÊN,0101403767-001,Đào Ngọc Thoại,xã Yên Viên - - Huyện Gia Lâm - Hà Nội.
https://masothue.com/0101403767-cong-ty-tnhh-mot-thanh-vien-van-tai-hang-hoa-duong-sat,0101403767,Vận tải hàng hóa đường sắt,XÍ NGHIỆP ĐẦU MÁY VINH,0101403767-002,Đặng Đình Chính,Khối Yên Bình xã Hưng Đông - - Thành phố Vinh - Nghệ An.
https://masothue.com/0101403767-cong-ty-tnhh-mot-thanh-vien-van-tai-hang-hoa-duong-sat,0101403767,Vận tải hàng hóa đường sắt,CHI NHÁNH CÔNG TY TNHH MỘT THÀNH VIÊN VẬN TẢI HÀNG HÓA ĐƯỜNG SẮT - XÍ NGHIỆP VẬN DỤNG TOA XE HÀNG HÀ NỘI,0101403767-003,TRẦN TÚ BÌNH,"Số 130 đường Lê Duẩn, Phường Nguyễn Du, Quận Hai Bà Trưng, Thành phố Hà Nội, Việt Nam"
https://masothue.com/0101403767-cong-ty-tnhh-mot-thanh-vien-van-tai-hang-hoa-duong-sat,0101403767,Vận tải hàng hóa đường sắt,XÍ NGHIỆP VẬN DỤNG TOA XE HÀNG SÀI GÒN,0101403767-004,Vũ Quyết Thắng,1A Nguyễn Thông - - Quận 3 - TP Hồ Chí Minh.
https://masothue.com/0101403767-cong-ty-tnhh-mot-thanh-vien-van-tai-hang-hoa-duong-sat,0101403767,Vận tải hàng hóa đường sắt,XÍ NGHIỆP TOA XE VINH,0101403767-005,Nguyễn Văn Tính,Số 07 đường Trần Bình Trọng phường Đông Vĩnh - - Thành phố Vinh - Nghệ An.
https://masothue.com/0101403767-cong-ty-tnhh-mot-thanh-vien-van-tai-hang-hoa-duong-sat,0101403767,Vận tải hàng hóa đường sắt,CHI NHÁNH CÔNG TY TNHH MỘT THÀNH VIÊN VẬN TẢI HÀNG HÓA ĐƯỜNG SẮT - XÍ NGHIỆP TOA XE ĐÀ NẴNG,0101403767-006,NGÔ NGỌC TUẤN,"236 Hải Phòng, Phường Tân Chính, Quận Thanh Khê, Thành phố Đà Nẵng, Việt Nam"
https://masothue.com/0101403767-cong-ty-tnhh-mot-thanh-vien-van-tai-hang-hoa-duong-sat,0101403767,Vận tải hàng hóa đường sắt,XN CƠ KHÍ XẾP DỠ SÀI GÒN,0101403767-007,Võ Trí Dũng,27/8A Trường Chinh P.Tây Thạnh - - Quận Tân phú - TP Hồ Chí Minh.
https://masothue.com/0101403767-cong-ty-tnhh-mot-thanh-vien-van-tai-hang-hoa-duong-sat,0101403767,Vận tải hàng hóa đường sắt,XÍ NGHIỆP VẬN TẢI ĐƯỜNG SẮT HÀ THÁI,0101403767-008,Nguyễn Xuân Thuỷ,"89, tổ 13, thị trấn Đông Anh - - Huyện Đông Anh - Hà Nội."
https://masothue.com/0101403767-cong-ty-tnhh-mot-thanh-vien-van-tai-hang-hoa-duong-sat,0101403767,Vận tải hàng hóa đường sắt,XÍ NGHIỆP VẬN TẢI ĐƯỜNG SẮT HÀ QUẢNG,0101403767-009,Nguyễn Văn Khoa,Thị trấn Mạo Khê - - Thị Xã Đông Triều - Quảng Ninh.
https://masothue.com/0101403767-cong-ty-tnhh-mot-thanh-vien-van-tai-hang-hoa-duong-sat,0101403767,Vận tải hàng hóa đường sắt,GA GIÁP BÁT,0101403767-010,Nguyễn Phương Xuân,Đường Giải Phóng P.Thịnh Liệt - - Quận Hoàng Mai - Hà Nội.
https://masothue.com/0101403767-cong-ty-tnhh-mot-thanh-vien-van-tai-hang-hoa-duong-sat,0101403767,Vận tải hàng hóa đường sắt,GA THỊNH CHÂU,0101403767-011,Phạm Đức Lợi,Xã Châu Sơn - - Thành phố Phủ Lý - Hà Nam.
https://masothue.com/0101403767-cong-ty-tnhh-mot-thanh-vien-van-tai-hang-hoa-duong-sat,0101403767,Vận tải hàng hóa đường sắt,GA BỈM SƠN,0101403767-013,,Khu ga - - Thị xã Bỉm Sơn - Thanh Hoá.
https://masothue.com/0101403767-cong-ty-tnhh-mot-thanh-vien-van-tai-hang-hoa-duong-sat,0101403767,Vận tải hàng hóa đường sắt,GA ĐÔNG HÀ,0101403767-015,Trần Ngọc Khương,Số 02 Đường Lê Thánh Tông - - Thành phố Đông Hà - Quảng Trị.
https://masothue.com/0101403767-cong-ty-tnhh-mot-thanh-vien-van-tai-hang-hoa-duong-sat,0101403767,Vận tải hàng hóa đường sắt,GA SÓNG THẦN,0101403767-016,Lê Phi Long,An Bình - - Thành phố Dĩ An - Bình Dương.
https://masothue.com/0101403767-cong-ty-tnhh-mot-thanh-vien-van-tai-hang-hoa-duong-sat,0101403767,Vận tải hàng hóa đường sắt,GA YÊN VIÊN,0101403767-017,Nguyễn Thanh Bình,"Số 317 đường Hà Huy Tập, thị trân yên viên - - Huyện Gia Lâm - Hà Nội."
https://masothue.com/0101403767-cong-ty-tnhh-mot-thanh-vien-van-tai-hang-hoa-duong-sat,0101403767,Vận tải hàng hóa đường sắt,GA ĐỒNG ĐĂNG,0101403767-018,Vũ Kim Ngân,Khối 4 - thị trấn đồng đăng - - Huyện Cao Lộc - Lạng Sơn.
https://masothue.com/0101403767-cong-ty-tnhh-mot-thanh-vien-van-tai-hang-hoa-duong-sat,0101403767,Vận tải hàng hóa đường sắt,GA TIÊN KIÊN,0101403767-019,Điêu Khắc Minh,Thị trấn Hùng sơn - - Huyện Lâm Thao - Phú Thọ.
https://masothue.com/0101403767-cong-ty-tnhh-mot-thanh-vien-van-tai-hang-hoa-duong-sat,0101403767,Vận tải hàng hóa đường sắt,GA LÀO CAI,0101403767-021,Nguyễn Huy Toàn,Đường Khánh Yên P. Phố Mới - Phường Phố Mới - Thành phố Lào Cai - Lào Cai.
https://masothue.com/0101403767-cong-ty-tnhh-mot-thanh-vien-van-tai-hang-hoa-duong-sat,0101403767,Vận tải hàng hóa đường sắt,GA XUÂN GIAO,0101403767-022,Vũ Tuấn Oanh,Giao Bình - Xã Xuân Giao - Huyện Bảo Thắng - Lào Cai.
https://masothue.com/0101403767-cong-ty-tnhh-mot-thanh-vien-van-tai-hang-hoa-duong-sat,0101403767,Vận tải hàng hóa đường sắt,GA HẢI PHÒNG,0101403767-023,Công ty vận tải HH đường sắt,Số 75 Đường Lương Khánh Thiện - - Quận Ngô Quyền - Hải Phòng.
https://masothue.com/0101403767-cong-ty-tnhh-mot-thanh-vien-van-tai-hang-hoa-duong-sat,0101403767,Vận tải hàng hóa đường sắt,CHI NHÁNH ĐÀ NẴNG - CÔNG TY TNHH MỘT THÀNH VIÊN VẬN TẢI HÀNG HÓA ĐƯỜNG SẮT,0101403767-024,NGUYỄN THUẬN,"Số 83 Trần Cao Vân, Phường Tam Thuận, Quận Thanh Khê, Thành phố Đà Nẵng, Việt Nam"
https://masothue.com/0101403767-cong-ty-tnhh-mot-thanh-vien-van-tai-hang-hoa-duong-sat,0101403767,Vận tải hàng hóa đường sắt,CHI NHÁNH VẬN TẢI HÀNG HÓA ĐƯỜNG SẮT SÀI GÒN,0101403767-025,Phan Ngọc Đức,76 Nguyễn Phúc Nguyên P.09 - - Quận 3 - TP Hồ Chí Minh.
https://masothue.com/0101403767-cong-ty-tnhh-mot-thanh-vien-van-tai-hang-hoa-duong-sat,0101403767,Vận tải hàng hóa đường sắt,XÍ NGHIỆP CAO SU ĐƯỜNG SẮT,0101403767-026,Lê Minh Nam,Số 9 Láng Hạ - - Quận Ba Đình - Hà Nội.
https://masothue.com/0101403767-cong-ty-tnhh-mot-thanh-vien-van-tai-hang-hoa-duong-sat,0101403767,Vận tải hàng hóa đường sắt,CHI NHÁNH CÔNG TY TNHH MỘT THÀNH VIÊN VẬN TẢI HÀNG HÓA ĐƯỜNG SẮT - LÀO CAI,0101403767-028,ĐỖ ĐÌNH ĐẠO,"Ga Lào Cai, đường Khánh Yên, Phường Phố Mới, Thành phố Lào Cai, Tỉnh Lào Cai, Việt Nam"
https://masothue.com/0101403767-cong-ty-tnhh-mot-thanh-vien-van-tai-hang-hoa-duong-sat,0101403767,Vận tải hàng hóa đường sắt,CHI NHÁNH CÔNG TY TNHH MỘT THÀNH VIÊN VẬN TẢI HÀNG HÓA ĐƯỜNG SẮT - VẬN TẢI CÔNG-TEN-NƠ HÀ NỘI,0101403767-029,TRẦN ĐĂNG TAM,"Số 124, đường Lê Duẩn, Phường Cửa Nam, Quận Hoàn Kiếm, Thành phố Hà Nội, Việt Nam"
https://masothue.com/0101403767-cong-ty-tnhh-mot-thanh-vien-van-tai-hang-hoa-duong-sat,0101403767,Vận tải hàng hóa đường sắt,CHI NHÁNH CÔNG TY TNHH MTV VẬN TẢI HÀNG HÓA ĐƯỜNG SẮT - ĐỒNG ĐĂNG,0101403767-030,NGUYỄN VĂN THẮNG,"Khu ga Đồng Đăng, Thị Trấn Đồng Đăng, Huyện Cao Lộc, Tỉnh Lạng Sơn, Việt Nam"
https://masothue.com/0101403767-cong-ty-tnhh-mot-thanh-vien-van-tai-hang-hoa-duong-sat,0101403767,Vận tải hàng hóa đường sắt,CHI NHÁNH CÔNG TY TNHH MỘT THÀNH VIÊN VẬN TẢI HÀNG HÓA ĐƯỜNG SẮT - BỈM SƠN,0101403767-031,BÙI LÊ SƠN,"Ga Bỉm Sơn, Phường Ngọc Trạo, Thị xã Bỉm Sơn, Tỉnh Thanh Hoá, Việt Nam"
https://masothue.com/0101403767-cong-ty-tnhh-mot-thanh-vien-van-tai-hang-hoa-duong-sat,0101403767,Vận tải hàng hóa đường sắt,CHI NHÁNH CÔNG TY TNHH MỘT THÀNH VIÊN VẬN TẢI HÀNG HÓA ĐƯỜNG SẮT - HẢI PHÒNG,0101403767-032,TRẦN VĂN HẠNH,"Số 75 Lương Khánh Thiện, Phường Lương Khánh Thiện, Quận Ngô Quyền, Thành phố Hải Phòng, Việt Nam"
https://masothue.com/0101403767-cong-ty-tnhh-mot-thanh-vien-van-tai-hang-hoa-duong-sat,0101403767,Vận tải hàng hóa đường sắt,CHI NHÁNH CÔNG TY TNHH MỘT THÀNH VIÊN VẬN TẢI HÀNG HÓA ĐƯỜNG SẮT- SÀI GÒN,0101403767-033,PHAN NGỌC ĐỨC,"km 1710+560 Ga Sóng Thần, Phường An Bình, Thành phố Dĩ An, Tỉnh Bình Dương, Việt Nam"
https://masothue.com/0101403767-cong-ty-tnhh-mot-thanh-vien-van-tai-hang-hoa-duong-sat,0101403767,Vận tải hàng hóa đường sắt,CHI NHÁNH CÔNG TY TNHH MỘT THÀNH VIÊN VẬN TẢI HÀNG HÓA ĐƯỜNG SẮT-XÍ NGHIỆP VẬN DỤNG TOA XE HÀNG SÀI GÒN,0101403767-034,VŨ QUYẾT THẮNG,"số 1A đường Nguyễn Thông, Phường 09, Quận 3, Thành phố Hồ Chí Minh, Việt Nam"
https://masothue.com/0101403767-cong-ty-tnhh-mot-thanh-vien-van-tai-hang-hoa-duong-sat,0101403767,Vận tải hàng hóa đường sắt,CHI NHÁNH CÔNG TY TNHH MỘT THÀNH VIÊN VẬN TẢI HÀNG HÓA ĐƯỜNG SẮT - XÍ NGHIỆP CƠ KHÍ XẾP DỠ SÀI GÒN,0101403767-035,VÕ TRÍ DŨNG,"831 Trường Chinh, Phường Tây Thạnh, Quận Tân Phú, Thành phố Hồ Chí Minh, Việt Nam"
https://masothue.com/0106210134-cong-ty-tnhh-khach-san-thuong-mai-sai-gon,0106210134,Dịch vụ lưu trú ngắn ngày,,,,
https://masothue.com/0100774342-cong-ty-tnhh-yamaha-motor-viet-nam,0100774342,"Sản xuất mô tô, xe máy",CHI NHÁNH CÔNG TY TNHH YAMAHA MOTOR VIỆT NAM TẠI THÀNH PHỐ HỒ CHÍ MINH,0100774342-001,ĐINH THIỆN HUẤN,"Tầng 18, Tòa nhà MB Sunny Tower, số 259, đường Trần Hưng Đạo, Phường Cô Giang, Quận 1, Thành phố Hồ Chí Minh, Việt Nam"
https://masothue.com/0100774342-cong-ty-tnhh-yamaha-motor-viet-nam,0100774342,"Sản xuất mô tô, xe máy",CHI NHÁNH CÔNG TY TNHH YAMAHA MOTOR VIỆT NAM TẠI CẦN THƠ,0100774342-002,ĐINH THIỆN HUẤN,"42, Phạm Ngọc Thạch, Phường Cái Khế, Quận Ninh Kiều, Thành phố Cần Thơ, Việt Nam"
https://masothue.com/0100774342-cong-ty-tnhh-yamaha-motor-viet-nam,0100774342,"Sản xuất mô tô, xe máy",CHI NHÁNH CÔNG TY TNHH YAMAHA MOTOR VIỆT NAM TẠI THÀNH PHỐ ĐÀ NẴNG,0100774342-003,ĐẬU QUANG HUY,"Số 123, 123A, 123B, 123C đường Điện Biên Phủ, Phường Chính Gián, Quận Thanh Khê, Thành phố Đà Nẵng, Việt Nam"
https://masothue.com/0100774342-cong-ty-tnhh-yamaha-motor-viet-nam,0100774342,"Sản xuất mô tô, xe máy",CHI NHÁNH CÔNG TY TNHH YAMAHA MOTOR VIỆT NAM TẠI NHA TRANG,0100774342-004,ĐINH THIỆN HUẤN,"Số 1, Trần Quý Cáp, Phường Vạn Thạnh, Thành phố Nha Trang, Tỉnh Khánh Hòa, Việt Nam"
https://masothue.com/0100774342-cong-ty-tnhh-yamaha-motor-viet-nam,0100774342,"Sản xuất mô tô, xe máy",CHI NHÁNH CÔNG TY TNHH YAMAHA MOTOR VIỆT NAM TẠI AN GIANG,0100774342-005,Đinh Thiện Huấn,"Số 45 Phan Văn Vàng, Khóm Châu Qưới 3 - Phường Châu Phú B - Thành phố Châu Đốc - An Giang."
https://masothue.com/0100774342-cong-ty-tnhh-yamaha-motor-viet-nam,0100774342,"Sản xuất mô tô, xe máy",CHI NHÁNH GIAO DỊCH PHÒNG TRƯNG BÀY VÀ CỬA HÀNG KINH DOANH CÔNG TY TNHH YAMAHA MOTOR VIỆT NAM,0100774342-006,Đinh Thiện Huấn,"Số 54 Trần Hưng Đạo, phường 1 - - Thành Phố Vũng Tàu - Bà Rịa - Vũng Tàu."
https://masothue.com/0100774342-cong-ty-tnhh-yamaha-motor-viet-nam,0100774342,"Sản xuất mô tô, xe máy",CÔNG TY TNHH YAMAHA MOTOR VIỆT NAM - CHI NHÁNH NỘI BÀI,0100774342-007,SUZUKI YASUTAKA,"Lô 48-54, 59-68 KCN Nội Bài, Xã Quang Tiến, Huyện Sóc Sơn, Thành phố Hà Nội, Việt Nam"
https://masothue.com/0100774342-cong-ty-tnhh-yamaha-motor-viet-nam,0100774342,"Sản xuất mô tô, xe máy",CỬA HÀNG VÀ TRẠM BẢO HÀNH XE GẮN MÁY YAMAHA,0100774342-009,Đinh Thiện Huấn,"ấp Long Hoà, Thị Trấn Chợ Mới - - Huyện Chợ Mới - An Giang."
https://masothue.com/0100774342-cong-ty-tnhh-yamaha-motor-viet-nam,0100774342,"Sản xuất mô tô, xe máy",CN CÔNG TY TRÁCH NHIỆM HỮU HẠN YAMAHA MOTOR VIỆT NAM TẠI THÀNH PHỐ HẢI PHÒNG,0100774342-010,Oyama Masao,Số 10B và 11 Lô 28A Khu ĐT mới ngã 5 Sân bay Cát bi - - Quận Ngô Quyền - Hải Phòng.
https://masothue.com/0100774342-cong-ty-tnhh-yamaha-motor-viet-nam,0100774342,"Sản xuất mô tô, xe máy",CHI NHÁNH CÔNG TY TNHH YAMAHA MOTOR VIỆT NAM TẠI BÌNH THUẬN,0100774342-011,ĐINH THIỆN HUẤN,"419 TRẦN HƯNG ĐẠO , Phường Bình Hưng, Thành phố Phan Thiết, Tỉnh Bình Thuận, Việt Nam"
https://masothue.com/0100774342-cong-ty-tnhh-yamaha-motor-viet-nam,0100774342,"Sản xuất mô tô, xe máy",CHI NHÁNH CÔNG TY TNHH YAMAHA MOTOR VIỆT NAM TẠI THÀNH PHỐ HÀ NỘI,0100774342-012,ĐẬU QUANG HUY,"Số 62 Nguyễn Chí Thanh, Phường Láng Thượng, Quận Đống Đa, Thành phố Hà Nội, Việt Nam"
https://masothue.com/0100774342-cong-ty-tnhh-yamaha-motor-viet-nam,0100774342,"Sản xuất mô tô, xe máy",VĂN PHÒNG ĐẠI DIỆN CÔNG TY TNHH YAMAHA MOTOR VIỆT NAM TẠI HÀ NỘI,0100774342-013,KAWAI HIDEFUMI,"Số 67 phố Ngô Thì Nhậm, Phường Ngô Thì Nhậm, Quận Hai Bà Trưng, Thành phố Hà Nội, Việt Nam"
https://masothue.com/0100774342-cong-ty-tnhh-yamaha-motor-viet-nam,0100774342,"Sản xuất mô tô, xe máy",CHI NHÁNH CÔNG TY TNHH YAMAHA MOTOR VIỆT NAM TẠI BÌNH DƯƠNG,0100774342-014,NGUYỄN NGỌC GIÁP,"kho #05-01, khu vận kho Mapletree, số 1 VSIP đường số 10, khu công nghiệp Việt Nam - Singapore, Phường Bình Hòa, Thành phố Thuận An, Tỉnh Bình Dương, Việt Nam"
https://masothue.com/0100774342-cong-ty-tnhh-yamaha-motor-viet-nam,0100774342,"Sản xuất mô tô, xe máy",VĂN PHÒNG ĐẠI DIỆN CÔNG TY TNHH YAMAHA MOTOR VIỆT NAM TẠI THÀNH PHỐ HÀ NỘI,0100774342-015,SUZUKI YASUTAKA,"Tầng 10, Tòa nhà Vinafor, số 127 Lò Đúc, Phường Đống Mác, Quận Hai Bà Trưng, Thành phố Hà Nội, Việt Nam"
https://masothue.com/0109474872-cong-ty-tnhh-mtv-hop-tac-lao-dong-va-dich-vu-vinafor,0109474872,Cung ứng và quản lý nguồn lao động,,,,
https://masothue.com/0307817031-cong-ty-tnhh-viet-thanh-thai,0307817031,"Kinh doanh bất động sản, quyền sử dụng đất thuộc chủ sở hữu, chủ sử dụng hoặc đi thuê",,,,
https://masothue.com/0400100792-cong-ty-tnhh-san-xuat-nguyen-lieu-giay-viet-nhat,0400100792,"Sản xuất gỗ dán, gỗ lạng, ván ép và ván mỏng khác",,,,
https://masothue.com/3000267182-cong-ty-tnhh-san-xuat-nguyen-lieu-giay-viet-nhat-vung-ang,3000267182,"Sản xuất gỗ dán, gỗ lạng, ván ép và ván mỏng khác",,,,
https://masothue.com/3502475651-cong-ty-tnhh-nang-luong-tai-tao-usv,3502475651,"Sản xuất sản phẩm khác từ gỗ; sản xuất sản phẩm từ tre, nứa, rơm, rạ và vật liệu tết bện",,,,
https://masothue.com/4100259155-cong-ty-tnhh-nguyen-lieu-giay-qui-nhon,4100259155,"Sản xuất sản phẩm khác từ gỗ; sản xuất sản phẩm từ tre, nứa, rơm, rạ và vật liệu tết bện",,,,
https://masothue.com/4300271103-cong-ty-tnhh-mot-thanh-vien-lam-nghiep-ba-to,4300271103,Khác,,,,
https://masothue.com/4300726262-cong-ty-tnhh-mot-thanh-vien-che-bien-go-va-dam-go-dung-quat,4300726262,"Sản xuất sản phẩm khác từ gỗ; sản xuất sản phẩm từ tre, nứa, rơm, rạ và vật liệu tết bện",,,,
https://masothue.com/5700481587-cong-ty-tnhh-san-xuat-nguyen-lieu-giay-viet-nhat-cai-lan,5700481587,"Sản xuất sản phẩm khác từ gỗ; sản xuất sản phẩm từ tre, nứa, rơm, rạ và vật liệu tết bện",,,,
https://masothue.com/0108801439-cong-ty-tnhh-mot-thanh-vien-ha-tang-vien-thong-vtvcab,0108801439,"Xây dựng công trình viễn thông, thông tin liên lạc",,,,
https://masothue.com/0300608568-cong-ty-trach-nhiem-huu-han-siam-city-cement-viet-nam,0300608568,"Sản xuất xi măng, vôi và thạch cao",CÔNG TY TNHH SIAM CITY CEMENT (VIỆT NAM) - CHI NHÁNH KIÊN GIANG,0300608568-001,Eamon John Ginley,"Liên tỉnh lộ 11, Xã Bình An, Huyện Kiên Lương, Tỉnh Kiên Giang, Việt Nam"
https://masothue.com/0300608568-cong-ty-trach-nhiem-huu-han-siam-city-cement-viet-nam,0300608568,"Sản xuất xi măng, vôi và thạch cao",CÔNG TY TRÁCH NHIỆM HỮU HẠN SIAM CITY CEMENT (VIỆT NAM) - CHI NHÁNH CẦN THƠ,0300608568-002,EAMON JOHN GINLEY,"26 Lê Hồng Phong, Phường Bình Thủy, Quận Bình Thuỷ, Thành phố Cần Thơ, Việt Nam"
https://masothue.com/0300608568-cong-ty-trach-nhiem-huu-han-siam-city-cement-viet-nam,0300608568,"Sản xuất xi măng, vôi và thạch cao",VĂN PHÒNG GIAO DỊCH TRƯNG BÀY VÀ BÁN SẢN PHẨM CÔNG TY TNHH XI MĂNG HOLCIM VIỆT NAM TẠI AN GIANG,0300608568-003,VÕ THANH HÙNG,"Số 487B Trần Hưng Đạo, Khóm Bình Đức 3, Phường Bình Đức, Thành phố Long Xuyên , Tỉnh An Giang, Việt Nam"
https://masothue.com/0300608568-cong-ty-trach-nhiem-huu-han-siam-city-cement-viet-nam,0300608568,"Sản xuất xi măng, vôi và thạch cao",CÔNG TY TNHH SIAM CITY CEMENT (VIỆT NAM) - CHI NHÁNH BÀ RỊA- VŨNG TÀU,0300608568-004,EAMON JOHN GINLEY,"Khu công nghiệp Phú Mỹ 1, Phường Phú Mỹ, Thị xã Phú Mỹ, Tỉnh Bà Rịa - Vũng Tàu, Việt Nam"
https://masothue.com/0300608568-cong-ty-trach-nhiem-huu-han-siam-city-cement-viet-nam,0300608568,"Sản xuất xi măng, vôi và thạch cao",CỬA HÀNG GIAO DỊCH KINH DOANH,0300608568-005,Từ Bích Nguyệt,02 Phan Chu Trinh - - Thành phố Quy Nhơn - Bình Định.
https://masothue.com/0300608568-cong-ty-trach-nhiem-huu-han-siam-city-cement-viet-nam,0300608568,"Sản xuất xi măng, vôi và thạch cao",VĂN PHÒNG GIAO DỊCH CTY LD XI MĂNG HOLCIM VIỆT NAM TẠI TP ĐÀ NẴNG,0300608568-006,Từ Bích Nguyệt,245 Trưng Nữ Vương - - Quận Hải Châu - Đà Nẵng.
https://masothue.com/0300608568-cong-ty-trach-nhiem-huu-han-siam-city-cement-viet-nam,0300608568,"Sản xuất xi măng, vôi và thạch cao",CÔNG TY TRÁCH NHIỆM HỮU HẠN SIAM CITY CEMENT (VIỆT NAM) - CHI NHÁNH KIÊN GIANG,0300608568-007,PHILIPPE BERNARD RICHART,"Liên tỉnh lộ 11, Xã Bình An, Huyện Kiên Lương, Tỉnh Kiên Giang, Việt Nam"
https://masothue.com/0300608568-cong-ty-trach-nhiem-huu-han-siam-city-cement-viet-nam,0300608568,"Sản xuất xi măng, vôi và thạch cao",CÔNG TY TRÁCH NHIỆM HỮU HẠN SIAM CITY CEMENT (VIỆT NAM) – CHI NHÁNH BÀ RỊA – VŨNG TÀU,0300608568-008,PHILIPPE BERNARD RICHART,"Khu công nghiệp Phú Mỹ 1, Thị Trấn Phú Mỹ, Thị xã Phú Mỹ, Tỉnh Bà Rịa - Vũng Tàu, Việt Nam"
https://masothue.com/0300608568-cong-ty-trach-nhiem-huu-han-siam-city-cement-viet-nam,0300608568,"Sản xuất xi măng, vôi và thạch cao",CÔNG TY TRÁCH NHIỆM HỮU HẠN SIAM CITY CEMENT (VIỆT NAM) - CHI NHÁNH ĐỒNG NAI,0300608568-009,EAMON JOHN GINLEY,"Khu Công nghiệp Ông Kèo, Xã Phước Khánh, Huyện Nhơn Trạch, Tỉnh Đồng Nai, Việt Nam"
https://masothue.com/0104831665-cong-ty-tnhh-ky-thuat-quan-ly-bay,0104831665,Hoạt động dịch vụ hỗ trợ trực tiếp cho vận tải hàng không,CHI NHÁNH TẠI THÀNH PHỐ HỒ CHÍ MINH - CÔNG TY TNHH KỸ THUẬT QUẢN LÝ BAY,0104831665-001,TRẦN ANH TUẤN,"58 Trường Sơn, Phường 2, Quận Tân Bình, Thành phố Hồ Chí Minh, Việt Nam"
https://masothue.com/0104831665-cong-ty-tnhh-ky-thuat-quan-ly-bay,0104831665,Hoạt động dịch vụ hỗ trợ trực tiếp cho vận tải hàng không,XÍ NGHIỆP CHẾ TẠO THIẾT BỊ HÀNG KHÔNG - CHI NHÁNH CÔNG TY TNHH KỸ THUẬT QUẢN LÝ BAY,0104831665-003,THÁI QUỐC TUẤN,"Tổ 6, Phường Phúc Đồng, Quận Long Biên, Thành phố Hà Nội, Việt Nam"
https://masothue.com/0104831665-cong-ty-tnhh-ky-thuat-quan-ly-bay,0104831665,Hoạt động dịch vụ hỗ trợ trực tiếp cho vận tải hàng không,BAN QUẢN LÝ DỰ ÁN ĐẦU TƯ VÀ XÂY DỰNG CHUYÊN NGÀNH - CHI NHÁNH CÔNG TY TNHH KỸ THUẬT QUẢN LÝ BAY,0104831665-004,LÊ HỒNG QUANG,"Số 5/200, đường Nguyễn Sơn, Phường Bồ Đề, Quận Long Biên, Thành phố Hà Nội, Việt Nam"
https://masothue.com/0200108811-cong-ty-lien-doanh-san-xuat-thep-vinausteel,0200108811,"Rèn, dập, ép và cán kim loại; luyện bột kim loại",,,,
https://masothue.com/0200109043-cong-ty-trach-nhiem-huu-han-ong-thep-viet-nam,0200109043,"Sản xuất sắt, thép, gang",,,,
https://masothue.com/0300717856-cong-ty-tnhh-trung-tam-thuong-mai-quoc-te,0300717856,"Kinh doanh bất động sản, quyền sử dụng đất thuộc chủ sở hữu, chủ sử dụng hoặc đi thuê",,,,
https://masothue.com/0300828997-cong-ty-tnhh-nippovina,0300828997,Gia công cơ khí; xử lý và tráng phủ kim loại,CỬA HÀNG BÁN LẺ NIPPOVINA,0300828997-001,Võ Quý Hào,Tỉnh Lộ 15 - - Quận 7 - TP Hồ Chí Minh.
https://masothue.com/0300828997-cong-ty-tnhh-nippovina,0300828997,Gia công cơ khí; xử lý và tráng phủ kim loại,CHI NHÁNH CÔNG TY TNHH NIPPOVINA TẠI THÀNH PHỐ CẦN THƠ,0300828997-002,ĐÀO DÂN QUÝ,"92, Lê Hồng Phong, Phường Bình Thủy, Quận Bình Thuỷ, Thành phố Cần Thơ, Việt Nam"
https://masothue.com/0300828997-cong-ty-tnhh-nippovina,0300828997,Gia công cơ khí; xử lý và tráng phủ kim loại,CHI NHÁNH CÔNG TY TNHH NIPPOVINA TẠI NHA TRANG,0300828997-003,ĐÀO DÂN QUÝ,"Thôn Đồng Nhơn, Xã Vĩnh Trung, Thành phố Nha Trang, Tỉnh Khánh Hòa, Việt Nam"
https://masothue.com/0300828997-cong-ty-tnhh-nippovina,0300828997,Gia công cơ khí; xử lý và tráng phủ kim loại,CHI NHÁNH CÔNG TY TNHH NIPPOVINA TẠI THÀNH PHỐ ĐÀ NẴNG,0300828997-004,ĐÀO DÂN QUÝ,"Lô 12-13-14 khu B2-6 đường Nam Trân, Phường Hoà Minh, Quận Liên Chiểu, Thành phố Đà Nẵng, Việt Nam"
https://masothue.com/0300828997-cong-ty-tnhh-nippovina,0300828997,Gia công cơ khí; xử lý và tráng phủ kim loại,CHI NHÁNH CÔNG TY TNHH NIPPOVINA TẠI HẬU GIANG,0300828997-005,ĐÀO DÂN QUÝ,"ấp Phú Thạnh, Xã Tân Phú Thạnh, Huyện Châu Thành A, Tỉnh Hậu Giang, Việt Nam"
https://masothue.com/0300828997-cong-ty-tnhh-nippovina,0300828997,Gia công cơ khí; xử lý và tráng phủ kim loại,CHI NHÁNH BIÊN HÒA - CÔNG TY TNHH NIPPOVINA,0300828997-006,NGUYỄN QUỐC HÙNG,"Số 5, Khu công nghiệp Biên Hòa I, Phường An Bình, Thành phố Biên Hoà, Tỉnh Đồng Nai, Việt Nam"
https://masothue.com/0300828997-cong-ty-tnhh-nippovina,0300828997,Gia công cơ khí; xử lý và tráng phủ kim loại,CHI NHÁNH CÔNG TY TNHH NIPPOVINA TẠI VĨNH THẠNH CẦN THƠ,0300828997-007,ĐÀO DÂN QUÝ,"Số 1108, Ấp Vĩnh Qui, Xã Vĩnh Trinh, Huyện Vĩnh Thạnh, Thành phố Cần Thơ, Việt Nam"
https://masothue.com/0300828997-cong-ty-tnhh-nippovina,0300828997,Gia công cơ khí; xử lý và tráng phủ kim loại,CHI NHÁNH CÔNG TY TNHH NIPPOVINA TẠI TIỀN GIANG,0300828997-008,NGUYỄN MINH HÙNG,"Ấp Chợ, Xã Trung An, Thành phố Mỹ Tho, Tỉnh Tiền Giang, Việt Nam"
https://masothue.com/0300828997-cong-ty-tnhh-nippovina,0300828997,Gia công cơ khí; xử lý và tráng phủ kim loại,CHI NHÁNH CÔNG TY TNHH NIPPOVINA TẠI ĐỒNG THÁP,0300828997-009,ĐÀO DÂN QUÝ,"Quốc lộ 30, khóm Mỹ Thới, Thị Trấn Mỹ Thọ, Huyện Cao Lãnh, Tỉnh Đồng Tháp, Việt Nam"
https://masothue.com/0300828997-cong-ty-tnhh-nippovina,0300828997,Gia công cơ khí; xử lý và tráng phủ kim loại,CHI NHÁNH CÔNG TY TNHH NIPPOVINA TẠI LONG AN,0300828997-010,ĐÀO DÂN QUÝ,"Lô D1-29 & D1-30, Đường VL2, KCN Vĩnh Lộc 2, Xã Long Hiệp, Huyện Bến Lức, Tỉnh Long An, Việt Nam"
https://masothue.com/3500100618-cong-ty-tnhh-cang-quoc-te-thi-vai,3500100618,Hoạt động dịch vụ hỗ trợ trực tiếp cho vận tải đường thủy,,,,
https://masothue.com/3500106761-cong-ty-tnhh-thep-vina-kyoei,3500106761,"Sản xuất sắt, thép, gang",CHI NHÁNH CÔNG TY TNHH THÉP VINA KYOEI,3500106761-001,NGUYỄN NGỌC QUANG,"21-23 Nguyễn Thị Minh Khai (tòa nhà Regency Chancellor Court), Phường Bến Nghé, Quận 1, Thành phố Hồ Chí Minh, Việt Nam"
https://masothue.com/3500106761-cong-ty-tnhh-thep-vina-kyoei,3500106761,"Sản xuất sắt, thép, gang",CHI NHÁNH CÔNG TY THÉP VINA KYOEI TẠI THÀNH PHỐ CẦN THƠ,3500106761-002,Minora Sakura,"67 Tầm Vu,phường Hưng Lợi - - Thành phố Cần Thơ - Cần Thơ."
https://masothue.com/3501651953-cong-ty-tnhh-ong-thep-han-xoan-nippon-steel-viet-nam,3501651953,"Sản xuất sắt, thép, gang",VĂN PHÒNG ĐẠI DIỆN CÔNG TY TNHH ỐNG THÉP HÀN XOẮN NIPPON STEEL VIỆT NAM TẠI HÀ NỘI,3501651953-001,INOUE KAORU,"Số 16, đường Phan Chu Trinh, Phường Phan Chu Trinh, Quận Hoàn Kiếm, Thành phố Hà Nội, Việt Nam"
https://masothue.com/3501651953-cong-ty-tnhh-ong-thep-han-xoan-nippon-steel-viet-nam,3501651953,"Sản xuất sắt, thép, gang",VĂN PHÒNG ĐẠI DIỆN CÔNG TY TNHH ỐNG THÉP HÀN XOẮN NIPPON STEEL VIỆT NAM TẠI THÀNH PHỐ HỒ CHÍ MINH,3501651953-002,INOUE KAORU,"Tòa nhà Sun Wah, Số 115 Đường Nguyễn Huệ, Phường Bến Nghé, Quận 1, Thành phố Hồ Chí Minh, Việt Nam"
https://masothue.com/3502269994-cong-ty-trach-nhiem-huu-han-mot-thanh-vien-thep-mien-nam-vnsteel,3502269994,"Sản xuất sắt, thép, gang",,,,
https://masothue.com/3600236891-cong-ty-ton-phuong-nam,3600236891,"Sản xuất sản phẩm từ kim loại đúc sẵn (trừ máy móc, thiết bị)",,,,
https://masothue.com/3600239229-cong-ty-tnhh-gia-cong-va-dich-vu-thep-sai-gon,3600239229,"Rèn, dập, ép và cán kim loại; luyện bột kim loại",,,,
https://masothue.com/4600107993-cong-ty-tnhh-natsteelvina,4600107993,Sản xuất các cấu kiện kim loại,,,,
https://masothue.com/5300232681-cong-ty-tnhh-khoang-san-va-luyen-kim-viet-trung,5300232681,"Sản xuất sắt, thép, gang",CHI NHÁNH MỎ SẮT QUÝ XA,5300232681-001,Trịnh Tứ Khanh,Xã Sơn Thủy - - Huyện Văn Bàn - Lào Cai.
https://masothue.com/5300232681-cong-ty-tnhh-khoang-san-va-luyen-kim-viet-trung,5300232681,"Sản xuất sắt, thép, gang",CHI NHÁNH MỎ ĐÁ VÔI MAI ĐÀO,5300232681-002,Đặng Văn Thức,Xã Thượng Hà - - Huyện Bảo Yên - Lào Cai.
https://masothue.com/5300232681-cong-ty-tnhh-khoang-san-va-luyen-kim-viet-trung,5300232681,"Sản xuất sắt, thép, gang",CHI NHÁNH NHÀ MÁY GANG THÉP LÀO CAI,5300232681-003,Nguyễn Văn Cương,TT Tẳng Lỏong - Thị trấn Tằng Loỏng - Huyện Bảo Thắng - Lào Cai.
https://masothue.com/0300733752-ngan-hang-tnhh-indovina,0300733752,Hoạt động trung gian tiền tệ khác,CHI NHÁNH NGÂN HÀNG INDOVINA HÀ NỘI,0300733752-001,VŨ CHI MAI,"88 Hai Bà Trưng, Phường Cửa Nam, Quận Hoàn Kiếm, Thành phố Hà Nội, Việt Nam"
https://masothue.com/0300733752-ngan-hang-tnhh-indovina,0300733752,Hoạt động trung gian tiền tệ khác,CHI NHÁNH INDOVINA BANK THÀNH PHỐ HẢI PHÒNG,0300733752-002,"YANG, CHIEH","Số A1-9 lô 8A Lê Hồng Phong, Phường Đông Khê, Quận Ngô Quyền, Thành phố Hải Phòng, Việt Nam"
https://masothue.com/0300733752-ngan-hang-tnhh-indovina,0300733752,Hoạt động trung gian tiền tệ khác,NGÂN HÀNG TNHH INDOVINA - CHI NHÁNH CẦN THƠ,0300733752-003,MAI HOÀNG LONG,"Số 08, Phan Văn Trị, Phường An Phú, Quận Ninh Kiều, Thành phố Cần Thơ, Việt Nam"
https://masothue.com/0300733752-ngan-hang-tnhh-indovina,0300733752,Hoạt động trung gian tiền tệ khác,CHI NHÁNH NGÂN HÀNG TNHH INDOVINA TẠI BÌNH DƯƠNG,0300733752-004,CHEN CHI HSING,"Số 22, Đại lộ Độc Lập, khu công nghiệp Sóng Thần 1, Phường Dĩ An, Thành phố Dĩ An, Tỉnh Bình Dương, Việt Nam"
https://masothue.com/0300733752-ngan-hang-tnhh-indovina,0300733752,Hoạt động trung gian tiền tệ khác,NGÂN HÀNG TRÁCH NHIỆM HỮU HẠN INDOVINA - CHI NHÁNH ĐỒNG NAI,0300733752-005,YEH YU WEI,"Tầng 1 và 2, tòa nhà Văn phòng Sonadezi Long Bình, số 1, đường 3A, KCN Biên Hòa 2, Phường Long Bình Tân, Thành phố Biên Hoà, Tỉnh Đồng Nai, Việt Nam"
https://masothue.com/0300733752-ngan-hang-tnhh-indovina,0300733752,Hoạt động trung gian tiền tệ khác,NGÂN HÀNG TNHH INDOVINA - CHI NHÁNH ĐỐNG ĐA,0300733752-006,VŨ THỊ HƯƠNG LAN,"519 Kim Mã, Phường Ngọc Khánh, Quận Ba Đình, Thành phố Hà Nội, Việt Nam"
https://masothue.com/0300733752-ngan-hang-tnhh-indovina,0300733752,Hoạt động trung gian tiền tệ khác,NGÂN HÀNG TNHH INDOVINA - CHI NHÁNH ĐÀ NẴNG,0300733752-007,Hồ Minh Châu,"02 Bạch Đằng, Phường Thạch Thang, Quận Hải Châu, Thành phố Đà Nẵng, Việt Nam"
https://masothue.com/0300733752-ngan-hang-tnhh-indovina,0300733752,Hoạt động trung gian tiền tệ khác,NGÂN HÀNG TNHH INDOVINA - CHI NHÁNH CHỢ LỚN,0300733752-008,TRẦN NGỌC NHỰT,"tầng trệt, Cao ốc Tản Đà Court, số 86 Tản Đà, Phường 11, Quận 5, Thành phố Hồ Chí Minh, Việt Nam"
https://masothue.com/0300733752-ngan-hang-tnhh-indovina,0300733752,Hoạt động trung gian tiền tệ khác,NGÂN HÀNG TNHH INDOVINA - CHI NHÁNH TÂN BÌNH,0300733752-009,HOÀNG ĐỨC TRÍ,"Số 19A Cộng Hòa, Phường 12, Quận Tân Bình, Thành phố Hồ Chí Minh, Việt Nam"
https://masothue.com/0300733752-ngan-hang-tnhh-indovina,0300733752,Hoạt động trung gian tiền tệ khác,NGÂN HÀNG TNHH INDOVINA - CHI NHÁNH BẾN THÀNH,0300733752-011,PHAN DUY KHƯƠNG,"Số 46-48-50 Phạm Hồng Thái, Phường Bến Thành, Quận 1, Thành phố Hồ Chí Minh, Việt Nam"
https://masothue.com/0300733752-ngan-hang-tnhh-indovina,0300733752,Hoạt động trung gian tiền tệ khác,NGÂN HÀNG TNHH INDOVINA - CHI NHÁNH MỸ ĐÌNH,0300733752-012,ĐỒNG TỐ THƯỜNG,"Số 81, Đường Trần Thái Tông, Phường Dịch Vọng, Quận Cầu Giấy, Thành phố Hà Nội, Việt Nam"
https://masothue.com/0300733752-ngan-hang-tnhh-indovina,0300733752,Hoạt động trung gian tiền tệ khác,NGÂN HÀNG TNHH INDOVINA - CHI NHÁNH THIÊN LONG,0300733752-013,CAO MINH HIỂN,"Số 36 Hoàng Cầu, Phường Ô Chợ Dừa, Quận Đống Đa, Thành phố Hà Nội, Việt Nam"
https://masothue.com/0300733752-ngan-hang-tnhh-indovina,0300733752,Hoạt động trung gian tiền tệ khác,NGÂN HÀNG TNHH INDOVINA - CHI NHÁNH HỘI AN,0300733752-014,NGUYỄN THỊ THẮNG,"429 Hai BàTrưng, Phường Cẩm Châu, Thành phố Hội An, Tỉnh Quảng Nam, Việt Nam"
https://masothue.com/0300733752-ngan-hang-tnhh-indovina,0300733752,Hoạt động trung gian tiền tệ khác,NGÂN HÀNG TNHH INDOVINA - CHI NHÁNH HẢI PHÒNG - PHÒNG GIAO DỊCH HỒNG BÀNG,0300733752-015,"Liu, Chun-Hao",Số 22 Lý Tự Trọng - Phường Minh Khai - Quận Hồng Bàng - Hải Phòng.
https://masothue.com/0300733752-ngan-hang-tnhh-indovina,0300733752,Hoạt động trung gian tiền tệ khác,NGÂN HÀNG TNHH INDOVINA - CHI NHÁNH HẢI PHÒNG - PHÒNG GIAO DỊCH KHU CÔNG NGHIỆP NOMURA - HẢI PHÒNG,0300733752-016,"Liu, Chun-Hao","Khu nhà Điều hành Khu công nghiệp Nomura, thôn 6 Do Nha - Xã Tân Tiến - Huyện An Dương - Hải Phòng."
https://masothue.com/0300733752-ngan-hang-tnhh-indovina,0300733752,Hoạt động trung gian tiền tệ khác,NGÂN HÀNG TNHH INDOVINA - CHI NHÁNH PHÚ MỸ HƯNG,0300733752-017,TƯỞNG DĨNH DAO,"212-214, Khu Dân Cư Hưng Phúc (lô S10-2), Đường Nguyễn Lương Bằng , Phường Tân Phú, Quận 7, Thành phố Hồ Chí Minh, Việt Nam"
https://masothue.com/0100112733-ngan-hang-trach-nhiem-huu-han-mot-thanh-vien-public-viet-nam,0100112733,Hoạt động trung gian tiền tệ khác,NGÂN HÀNG TRÁCH NHIỆM HỮU HẠN MỘT THÀNH VIÊN PUBLIC VIỆT NAM CHI NHÁNH THÀNH PHỐ HỒ CHÍ MINH,0100112733-001,TRẦN THỊ SƯƠNG,"Tầng trệt và phòng 103 (tầng 1), Cao ốc Zen Plaza, số 54-56 đường Nguyễn Trãi, Phường Bến Thành, Quận 1, Thành phố Hồ Chí Minh, Việt Nam"
https://masothue.com/0100112733-ngan-hang-trach-nhiem-huu-han-mot-thanh-vien-public-viet-nam,0100112733,Hoạt động trung gian tiền tệ khác,NGÂN HÀNG TRÁCH NHIỆM HỮU HẠN MỘT THÀNH VIÊN PUBLIC VIỆT NAM CHI NHÁNH ĐÀ NẴNG,0100112733-002,TRẦN THỊ HOÀI THU,"92-94 Nguyễn Văn Linh, Phường Nam Dương, Quận Hải Châu, Thành phố Đà Nẵng, Việt Nam"
https://masothue.com/0100112733-ngan-hang-trach-nhiem-huu-han-mot-thanh-vien-public-viet-nam,0100112733,Hoạt động trung gian tiền tệ khác,NGÂN HÀNG TRÁCH NHIỆM HỮU HẠN MỘT THÀNH VIÊN PUBLIC VIỆT NAM CHI NHÁNH HẢI PHÒNG,0100112733-003,PHẠM THỊ HẠNH,"Số 22, khu B1, lô 7B, đường Lê Hồng Phong, Phường Đông Khê, Quận Ngô Quyền, Thành phố Hải Phòng, Việt Nam"
https://masothue.com/0100112733-ngan-hang-trach-nhiem-huu-han-mot-thanh-vien-public-viet-nam,0100112733,Hoạt động trung gian tiền tệ khác,NGÂN HÀNG TRÁCH NHIỆM HỮU HẠN MỘT THÀNH VIÊN PUBLIC VIỆT NAM CHI NHÁNH BÌNH DƯƠNG,0100112733-004,TRƯƠNG QUANG SƠN,"Tầng trệt, lầu 1, số 306, Đại lộ Bình Dương, khu phố 1, Phường Phú Hòa, Thành phố Thủ Dầu Một, Tỉnh Bình Dương, Việt Nam"
https://masothue.com/0100112733-ngan-hang-trach-nhiem-huu-han-mot-thanh-vien-public-viet-nam,0100112733,Hoạt động trung gian tiền tệ khác,NGÂN HÀNG TRÁCH NHIỆM HỮU HẠN MỘT THÀNH VIÊN PUBLIC VIỆT NAM CHI NHÁNH HÀ NỘI,0100112733-005,NGUYỄN HẢI NINH,"Tòa nhà Hanoi Tungshing,Square số 2 Ngô Quyền, Phường Lý Thái Tổ, Quận Hoàn Kiếm, Thành phố Hà Nội, Việt Nam"
https://masothue.com/0100112733-ngan-hang-trach-nhiem-huu-han-mot-thanh-vien-public-viet-nam,0100112733,Hoạt động trung gian tiền tệ khác,NGÂN HÀNG TRÁCH NHIỆM HỮU HẠN MỘT THÀNH VIÊN PUBLIC VIỆT NAM CHI NHÁNH CHỢ LỚN,0100112733-006,LƯƠNG TÚ MAI HOA,"Số 26-28 đường Trần Hưng Đạo, Phường 07, Quận 5, Thành phố Hồ Chí Minh, Việt Nam"
https://masothue.com/0100112733-ngan-hang-trach-nhiem-huu-han-mot-thanh-vien-public-viet-nam,0100112733,Hoạt động trung gian tiền tệ khác,NGÂN HÀNG TRÁCH NHIỆM HỮU HẠN MỘT THÀNH VIÊN PUBLIC VIỆT NAM CHI NHÁNH ĐỒNG NAI,0100112733-007,BÙI QUANG ANH,"Số 251, đường Phạm Văn Thuận, Phường Tân Mai, Thành phố Biên Hoà, Tỉnh Đồng Nai, Việt Nam"
https://masothue.com/0100112733-ngan-hang-trach-nhiem-huu-han-mot-thanh-vien-public-viet-nam,0100112733,Hoạt động trung gian tiền tệ khác,NGÂN HÀNG TRÁCH NHIỆM HỮU HẠN MỘT THÀNH VIÊN PUBLIC VIỆT NAM CHI NHÁNH PHÚ NHUẬN,0100112733-008,DƯƠNG THỊ THÁI HÒA,"Phòng 06 (Tầng trệt và lửng), Tòa nhà Centre Point, 106 Nguyễn Văn Trỗi, Phường 08, Quận Phú Nhuận, Thành phố Hồ Chí Minh, Việt Nam"
https://masothue.com/0100112733-ngan-hang-trach-nhiem-huu-han-mot-thanh-vien-public-viet-nam,0100112733,Hoạt động trung gian tiền tệ khác,NGÂN HÀNG TRÁCH NHIỆM HỮU HẠN MỘT THÀNH VIÊN PUBLIC VIỆT NAM CHI NHÁNH THANH XUÂN,0100112733-009,LÊ CÔNG THẮNG,"Tầng 1 và tầng 2 Tòa nhà Times Tower, số 35 đường Lê Văn Lương, Phường Nhân Chính, Quận Thanh Xuân, Thành phố Hà Nội, Việt Nam"
https://masothue.com/0100112733-ngan-hang-trach-nhiem-huu-han-mot-thanh-vien-public-viet-nam,0100112733,Hoạt động trung gian tiền tệ khác,NGÂN HÀNG TRÁCH NHIỆM HỮU HẠN MỘT THÀNH VIÊN PUBLIC VIỆT NAM CHI NHÁNH CẦU GIẤY,0100112733-010,NGUYỄN THỊ NGÂN,"Tầng 1, Tòa tháp B, Tòa nhà Central Point, số 219 Trung Kính, Phường Yên Hoà, Quận Cầu Giấy, Thành phố Hà Nội, Việt Nam"
https://masothue.com/0100112733-ngan-hang-trach-nhiem-huu-han-mot-thanh-vien-public-viet-nam,0100112733,Hoạt động trung gian tiền tệ khác,NGÂN HÀNG TRÁCH NHIỆM HỮU HẠN MỘT THÀNH VIÊN PUBLIC VIỆT NAM CHI NHÁNH THANH KHÊ,0100112733-011,NGUYỄN THỊ HOÀI HƯƠNG,"Số 375 Điện Biên Phủ, Phường Hoà Khê, Quận Thanh Khê, Thành phố Đà Nẵng, Việt Nam"
https://masothue.com/0100112733-ngan-hang-trach-nhiem-huu-han-mot-thanh-vien-public-viet-nam,0100112733,Hoạt động trung gian tiền tệ khác,NGÂN HÀNG TRÁCH NHIỆM HỮU HẠN MỘT THÀNH VIÊN PUBLIC VIỆT NAM - CHI NHÁNH TÂN BÌNH,0100112733-012,NGUYỄN HỒNG QUANG,"Số 180-182-184 Bàu Cát, Phường 14, Quận Tân Bình, Thành phố Hồ Chí Minh, Việt Nam"
https://masothue.com/0100112733-ngan-hang-trach-nhiem-huu-han-mot-thanh-vien-public-viet-nam,0100112733,Hoạt động trung gian tiền tệ khác,NGÂN HÀNG TRÁCH NHIỆM HỮU HẠN MỘT THÀNH VIÊN PUBLIC VIỆT NAM CHI NHÁNH HÀ ĐÔNG,0100112733-013,BÙI THỊ QUỲNH ANH,"Số 553-555 Quang Trung, Tổ dân phố 3, Phường Phú La, Quận Hà Đông, Thành phố Hà Nội, Việt Nam"
https://masothue.com/0100112733-ngan-hang-trach-nhiem-huu-han-mot-thanh-vien-public-viet-nam,0100112733,Hoạt động trung gian tiền tệ khác,NGÂN HÀNG TRÁCH NHIỆM HỮU HẠN MỘT THÀNH VIÊN PUBLIC VIỆT NAM - CHI NHÁNH PHÚ MỸ HƯNG,0100112733-014,NGÔ THỊ HOÀNG YẾN,"Một phần diện tích căn nhà 02 tầng, Số 1056 đường Nguyễn Văn Linh, Khu phố Sky Garden 1, Phường Tân Phong, Quận 7, Thành phố Hồ Chí Minh, Việt Nam"
https://masothue.com/0100112733-ngan-hang-trach-nhiem-huu-han-mot-thanh-vien-public-viet-nam,0100112733,Hoạt động trung gian tiền tệ khác,NGÂN HÀNG TRÁCH NHIỆM HỮU HẠN MỘT THÀNH VIÊN PUBLIC VIỆT NAM CHI NHÁNH GÒ VẤP,0100112733-015,CAO THÀNH LỢI,"Số 672A7 - 672A8 Đường Phan Văn Trị, Phường 10, Quận Gò Vấp, Thành phố Hồ Chí Minh, Việt Nam"
https://masothue.com/0100112733-ngan-hang-trach-nhiem-huu-han-mot-thanh-vien-public-viet-nam,0100112733,Hoạt động trung gian tiền tệ khác,NGÂN HÀNG TRÁCH NHIỆM HỮU HẠN MỘT THÀNH VIÊN PUBLIC VIỆT NAM CHI NHÁNH MỸ ĐÌNH,0100112733-016,PHAN THỊ HOÀNG YẾN,"Số B3-02 và B3-03, khu chức năng đô thị thành phố Xanh, Phường Cầu Diễn, Quận Nam Từ Liêm, Thành phố Hà Nội, Việt Nam"
https://masothue.com/0100112733-ngan-hang-trach-nhiem-huu-han-mot-thanh-vien-public-viet-nam,0100112733,Hoạt động trung gian tiền tệ khác,NGÂN HÀNG TRÁCH NHIỆM HỮU HẠN MỘT THÀNH VIÊN PUBLIC VIỆT NAM - CHI NHÁNH PHƯỚC LONG,0100112733-017,ĐOÀN THẾ VINH,"Tầng trệt và tầng 1, Số 277B Đường Đỗ Xuân Hợp, Khu phố 4, Phường Phước Long B, Thành phố Thủ Đức, Thành phố Hồ Chí Minh, Việt Nam"
https://masothue.com/0100112733-ngan-hang-trach-nhiem-huu-han-mot-thanh-vien-public-viet-nam,0100112733,Hoạt động trung gian tiền tệ khác,NGÂN HÀNG TRÁCH NHIỆM HỮU HẠN MỘT THÀNH VIÊN PUBLIC VIỆT NAM - CHI NHÁNH QUẢNG NINH,0100112733-018,DƯƠNG HOÀNG NAM,"Số 18, đường 25/4, Phường Bạch Đằng, Thành phố Hạ Long, Tỉnh Quảng Ninh, Việt Nam"
https://masothue.com/0100112733-ngan-hang-trach-nhiem-huu-han-mot-thanh-vien-public-viet-nam,0100112733,Hoạt động trung gian tiền tệ khác,NGÂN HÀNG TRÁCH NHIỆM HỮU HẠN MỘT THÀNH VIÊN PUBLIC VIỆT NAM CHI NHÁNH QUẢNG NAM,0100112733-019,TRÌNH MINH PHÁP,"Số 30-32 đường Phan Chu Trinh, Phường An Mỹ, Thành phố Tam Kỳ, Tỉnh Quảng Nam, Việt Nam"
https://masothue.com/0100112733-ngan-hang-trach-nhiem-huu-han-mot-thanh-vien-public-viet-nam,0100112733,Hoạt động trung gian tiền tệ khác,NGÂN HÀNG TRÁCH NHIỆM HỮU HẠN MỘT THÀNH VIÊN PUBLIC VIỆT NAM - CHI NHÁNH GIA LÂM,0100112733-021,NGUYỄN THẾ TIỆP,"NT08-189 và NT08-191, Khu đô thị Vinhomes Ocean Park, Xã Đa Tốn, Huyện Gia Lâm, Thành phố Hà Nội, Việt Nam"
https://masothue.com/0100777569-cong-ty-cho-thue-tai-chinh-tnhh-bidv-sumi-trust,0100777569,Hoạt động cho thuê tài chính,CN CTY CHO THUÊ TÀI CHÍNH NGÂN HÀNG ĐẦU TƯ VÀ PHÁT TRIỂN VN,0100777569-001,Trần Văn Trung,146 Nguyễn Công Trứ #6 - - Quận 1 - TP Hồ Chí Minh.
https://masothue.com/0100777569-cong-ty-cho-thue-tai-chinh-tnhh-bidv-sumi-trust,0100777569,Hoạt động cho thuê tài chính,CÔNG TY CHO THUÊ TÀI CHÍNH TNHH BIDV - SUMI TRUST - CHI NHÁNH HÀ NỘI,0100777569-003,GIÁP VĂN CƯỜNG,"Tầng 20, tháp A Vincom, số 191 Bà Triệu, Phường Lê Đại Hành, Quận Hai Bà Trưng, Thành phố Hà Nội, Việt Nam"
https://masothue.com/0100777569-cong-ty-cho-thue-tai-chinh-tnhh-bidv-sumi-trust,0100777569,Hoạt động cho thuê tài chính,CÔNG TY CHO THUÊ TÀI CHÍNH TNHH BIDV - SUMI TRUST CHI NHÁNH ĐÀ NẴNG,0100777569-005,NGUYỄN HẢI LONG,"Tầng 5, số 271 Nguyễn Văn Linh, Phường Vĩnh Trung, Quận Thanh Khê, Thành phố Đà Nẵng, Việt Nam"
https://masothue.com/0100777569-cong-ty-cho-thue-tai-chinh-tnhh-bidv-sumi-trust,0100777569,Hoạt động cho thuê tài chính,CÔNG TY CHO THUÊ TÀI CHÍNH TNHH BIDV - SUMI TRUST - CHI NHÁNH THÀNH PHỐ HỒ CHÍ MINH,0100777569-007,ĐẶNG THANH HÙNG,"Số 472 - 472A - 472C Nguyễn Thị Minh Khai, Phường 02, Quận 3, Thành phố Hồ Chí Minh, Việt Nam"
https://masothue.com/0101839264-cong-ty-lien-doanh-thap-ngan-hang-dau-tu-va-phat-trien-viet-nam,0101839264,"Kinh doanh bất động sản, quyền sử dụng đất thuộc chủ sở hữu, chủ sử dụng hoặc đi thuê",,,,
https://masothue.com/0102100878-ngan-hang-lien-doanh-viet-nga,0102100878,Hoạt động trung gian tiền tệ khác,NGÂN HÀNG LIÊN DOANH VIỆT NGA - CHI NHÁNH VŨNG TÀU,0102100878-001,NGUYỄN VĂN HỚN,"Số 147 Nguyễn Thái Học, Phường 7, Thành phố Vũng Tàu, Tỉnh Bà Rịa - Vũng Tàu, Việt Nam"
https://masothue.com/0102100878-ngan-hang-lien-doanh-viet-nga,0102100878,Hoạt động trung gian tiền tệ khác,NGÂN HÀNG LIÊN DOANH VIỆT NGA - CHI NHÁNH THÀNH PHỐ HỒ CHÍ MINH,0102100878-002,NGUYỄN QUANG DUY,"Tầng Trệt ,Tầng M, Tầng 1 Cao Ốc Văn Phòng Saigon Prime, Số 107-109-111 Đường Nguyễn Đình Chiểu, Phường Võ Thị Sáu, Quận 3, Thành phố Hồ Chí Minh, Việt Nam"
https://masothue.com/0102100878-ngan-hang-lien-doanh-viet-nga,0102100878,Hoạt động trung gian tiền tệ khác,NGÂN HÀNG LIÊN DOANH VIỆT NGA - CHI NHÁNH ĐÀ NẴNG,0102100878-003,MAI VĂN SẮC,"124-126-128 Nguyễn Văn Linh, Phường Nam Dương, Quận Hải Châu, Thành phố Đà Nẵng, Việt Nam"
https://masothue.com/0102100878-ngan-hang-lien-doanh-viet-nga,0102100878,Hoạt động trung gian tiền tệ khác,NGÂN HÀNG LIÊN DOANH VIỆT NGA - CHI NHÁNH KHÁNH HÒA,0102100878-004,PHẠM VĂN KHIỂN,"159 Thống Nhất, Phường Vạn Thắng, Thành phố Nha Trang, Tỉnh Khánh Hòa, Việt Nam"
https://masothue.com/0102100878-ngan-hang-lien-doanh-viet-nga,0102100878,Hoạt động trung gian tiền tệ khác,NGÂN HÀNG LIÊN DOANH VIỆT - NGA - CHI NHÁNH SỞ GIAO DỊCH,0102100878-005,PHẠM HỮU TÚ,"Tầng 1+2 tòa nhà 319 Tower, số 63 Lê Văn Lương, Phường Trung Hoà, Quận Cầu Giấy, Thành phố Hà Nội, Việt Nam"
https://masothue.com/0102100878-ngan-hang-lien-doanh-viet-nga,0102100878,Hoạt động trung gian tiền tệ khác,"NGÂN HÀNG LIÊN DOANH VIỆT-NGA, CHI NHÁNH HẢI PHÒNG",0102100878-006,ĐOÀN VĂN CÔNG,"Tầng 1+2+3, toà nhà 7 tầng số 23 Minh Khai, Phường Hoàng Văn Thụ, Quận Hồng Bàng, Thành phố Hải Phòng, Việt Nam"
https://masothue.com/0303119075-cong-ty-tnhh-mot-thanh-vien-vang-bac-da-quy-thanh-pho-ho-chi-minh-ngan-hang-nong-nghiep-viet-nam,0303119075,Khác,CHI NHÁNH CÔNG TY TNHH MỘT THÀNH VIÊN VÀNG BẠC ĐÁ QUÝ TP.HỒ CHÍ MINH - NGÂN HÀNG NÔNG NGHIỆP VIỆT NAM - TRUNG TÂM VÀNG BẠC ĐÁ QUÝ SỐ 1,0303119075-001,NGUYỄN MINH HẰNG,"178-180-182 Lê Thánh Tôn, Phường Bến Thành, Quận 1, Thành phố Hồ Chí Minh, Việt Nam"
https://masothue.com/0303119075-cong-ty-tnhh-mot-thanh-vien-vang-bac-da-quy-thanh-pho-ho-chi-minh-ngan-hang-nong-nghiep-viet-nam,0303119075,Khác,CHI NHÁNH CÔNG TY TNHH MỘT THÀNH VIÊN VÀNG BẠC ĐÁ QUÝ THÀNH PHỐ HỒ CHÍ MINH NGÂN HÀNG NÔNG NGHIỆP VIỆT NAM - TRUNG TÂM VÀNG BẠC ĐÁ QUÝ SỐ 5,0303119075-002,NGUYỄN THẾ TUẤN,"59A An Dương Vương, Phường 08, Quận 5, Thành phố Hồ Chí Minh, Việt Nam"
https://masothue.com/0303119075-cong-ty-tnhh-mot-thanh-vien-vang-bac-da-quy-thanh-pho-ho-chi-minh-ngan-hang-nong-nghiep-viet-nam,0303119075,Khác,CHI NHÁNH CÔNG TY TNHH MỘT THÀNH VIÊN VÀNG BẠC ĐÁ QUÝ THÀNH PHỐ HỒ CHÍ MINH - NGÂN HÀNG NÔNG NGHIỆP VIỆT NAM - TRUNG TÂM VÀNG BẠC ĐÁ QUÝ SỐ 7,0303119075-003,PHẠM THỊ KIM LIÊN,"378 Bùi Hữu Nghĩa, Phường 2, Quận Bình Thạnh, Thành phố Hồ Chí Minh, Việt Nam"
https://masothue.com/0303119075-cong-ty-tnhh-mot-thanh-vien-vang-bac-da-quy-thanh-pho-ho-chi-minh-ngan-hang-nong-nghiep-viet-nam,0303119075,Khác,CHI NHÁNH CÔNG TY TNHH MỘT THÀNH VIÊN VÀNG BẠC ĐÁ QUÝ THÀNH PHỐ HỒ CHÍ MINH NGÂN HÀNG NÔNG NGHIỆP VIỆT NAM - TRUNG TÂM VÀNG BẠC ĐÁ QUÝ SỐ 9,0303119075-004,NGUYỄN TRUNG HẬU,"200 Nguyễn Văn Nghi, Phường 7, Quận Gò Vấp, Thành phố Hồ Chí Minh, Việt Nam"
https://masothue.com/0303119075-cong-ty-tnhh-mot-thanh-vien-vang-bac-da-quy-thanh-pho-ho-chi-minh-ngan-hang-nong-nghiep-viet-nam,0303119075,Khác,CHI NHÁNH CÔNG TY TNHH MỘT THÀNH VIÊN VÀNG BẠC ĐÁ QUÝ THÀNH PHỐ HỒ CHÍ MINH NGÂN HÀNG NÔNG NGHIỆP VIỆT NAM – TRUNG TÂM KIỂM ĐỊNH VÀ KINH DOANH VÀNG BẠC ĐÁ QUÝ ĐỒNG KHỞI,0303119075-005,LÊ THU TÂM,"31 Đồng Khởi, Phường Bến Nghé, Quận 1, Thành phố Hồ Chí Minh, Việt Nam"
https://masothue.com/0303119075-cong-ty-tnhh-mot-thanh-vien-vang-bac-da-quy-thanh-pho-ho-chi-minh-ngan-hang-nong-nghiep-viet-nam,0303119075,Khác,CHI NHÁNH CÔNG TY TNHH MỘT THÀNH VIÊN VÀNG BẠC ĐÁ QUÝ TP. HỒ CHÍ MINH -NGÂN HÀNG NÔNG NGHIỆP VIỆT NAM-XÍ NGHIỆP CHẾ TÁC KIM HOÀN,0303119075-006,TRỊNH THỊ NGỌC LAN,"số 3-5 Hồ Tùng Mậu, Phường Nguyễn Thái Bình, Quận 1, Thành phố Hồ Chí Minh, Việt Nam"
https://masothue.com/0303119075-cong-ty-tnhh-mot-thanh-vien-vang-bac-da-quy-thanh-pho-ho-chi-minh-ngan-hang-nong-nghiep-viet-nam,0303119075,Khác,CHI NHÁNH CÔNG TY TNHH MỘT THÀNH VIÊN VÀNG BẠC ĐÁ QUÝ THÀNH PHỐ HỒ CHÍ MINH NGÂN HÀNG NÔNG NGHIỆP VIỆT NAM - CỬA HÀNG VÀNG BẠC ĐÁ QUÝ CHỢ NGUYỄN TRI PHƯƠNG,0303119075-007,PHAN THỊ NGỌC LIỄU,"Kios số 4B Chợ Nguyễn Tri Phương, Phường 06, Quận 10, Thành phố Hồ Chí Minh, Việt Nam"
https://masothue.com/0303119075-cong-ty-tnhh-mot-thanh-vien-vang-bac-da-quy-thanh-pho-ho-chi-minh-ngan-hang-nong-nghiep-viet-nam,0303119075,Khác,CHI NHÁNH CÔNG TY TNHH MỘT THÀNH VIÊN VÀNG BẠC ĐÁ QUÝ THÀNH PHỐ HỒ CHÍ MINH – NGÂN HÀNG NÔNG NGHIỆP VIỆT NAM - TRUNG TÂM KINH DOANH VÀNG BẠC ĐÁ QUÝ MIỀN TÂY,0303119075-008,NGUYỄN NGỌC HIỆP,"Số 36/24 đường Trần Việt Châu, Phường An Hòa, Quận Ninh Kiều, Thành phố Cần Thơ, Việt Nam"
https://masothue.com/0303119075-cong-ty-tnhh-mot-thanh-vien-vang-bac-da-quy-thanh-pho-ho-chi-minh-ngan-hang-nong-nghiep-viet-nam,0303119075,Khác,CHI NHÁNH CÔNG TY TNHH MỘT THÀNH VIÊN VÀNG BẠC ĐÁ QUÝ THÀNH PHỐ HỒ CHÍ MINH – NGÂN HÀNG NÔNG NGHIỆP VIỆT NAM – TRUNG TÂM KINH DOANH VÀNG BẠC ĐÁ QUÝ MIỀN TRUNG,0303119075-009,LÊ VĂN CHÍNH,"Số 41 - 43 Nguyễn Huệ, Phường Đức Nghĩa, Thành phố Phan Thiết, Tỉnh Bình Thuận, Việt Nam"
https://masothue.com/0303119075-cong-ty-tnhh-mot-thanh-vien-vang-bac-da-quy-thanh-pho-ho-chi-minh-ngan-hang-nong-nghiep-viet-nam,0303119075,Khác,CHI NHÁNH CÔNG TY TNHH MỘT THÀNH VIÊN VÀNG BẠC ĐÁ QUÝ THÀNH PHỐ HỒ CHÍ MINH – NGÂN HÀNG NÔNG NGHIỆP VIỆT NAM - TRUNG TÂM VÀNG BẠC ĐÁ QUÝ SỐ 2,0303119075-010,NGUYỄN THỊ LOAN,"128-130-132 Hải Thượng Lãn Ông, Phường 10, Quận 5, Thành phố Hồ Chí Minh, Việt Nam"
https://masothue.com/0101751475-cong-ty-tnhh-daibiru-csb,0101751475,"Kinh doanh bất động sản, quyền sử dụng đất thuộc chủ sở hữu, chủ sử dụng hoặc đi thuê",,,,
https://masothue.com/0303742875-cong-ty-lien-doanh-trach-nhiem-huu-han-vietcombank-bonday-benthanh,0303742875,"Kinh doanh bất động sản, quyền sử dụng đất thuộc chủ sở hữu, chủ sử dụng hoặc đi thuê",,,,
https://masothue.com/0100796508-cong-ty-tai-chinh-tnhh-mot-thanh-vien-buu-dien,0100796508,Hoạt động trung gian tiền tệ khác,CÔNG TY TÀI CHÍNH TNHH MỘT THÀNH VIÊN BƯU ĐIỆN - CHI NHÁNH HỒ CHÍ MINH,0100796508-001,NGUYỄN THÀNH TUYÊN,"Tầng 3,Tòa nhà 27B Nguyễn Đình Chiểu, Phường Đa Kao, Quận 1, Thành phố Hồ Chí Minh, Việt Nam"
https://masothue.com/0108055766-cong-ty-tnhh-mot-thanh-vien-ipcoms-multimedia,0108055766,Quảng cáo,,,,
https://masothue.com/0104553714-cong-ty-tnhh-mot-thanh-vien-quan-ly-no-va-khai-thac-tai-san-ngan-hang-thuong-mai-trach-nhiem-huu-han-mot-thanh-vien-dau-khi-toan-cau,0104553714,Hoạt động dịch vụ tài chính khác chưa được phân vào đâu (trừ bảo hiểm và bảo hiểm xã hội),,,,
https://masothue.com/0100111761-129-cong-ty-tnhh-quan-ly-quy-bao-viet,0100111761-129,Khác,TẬP ĐOÀN BẢO VIỆT,0100111761,ĐỖ TRƯỜNG MINH,"Số 8, Phố Lê Thái Tổ, Phường Hàng Trống, Quận Hoàn Kiếm, Thành phố Hà Nội, Việt Nam"
https://masothue.com/0100111761-129-cong-ty-tnhh-quan-ly-quy-bao-viet,0100111761-129,Khác,CÔNG TY BẢO HIỂM CẦN THƠ,0100111761-001,Tưởng Minh Hùng,154 đường 3/2 - - Thành phố Cần Thơ (hêt h.lực) - Cần Thơ.
https://masothue.com/0100111761-129-cong-ty-tnhh-quan-ly-quy-bao-viet,0100111761-129,Khác,CÔNG TY BẢO HIỂM ĐĂKLĂK,0100111761-002,Lê Thanh Nghị,52 Nguyễn Tất Thành - - TP.Buôn Ma Thuột - Đắk Lắk.
https://masothue.com/0100111761-129-cong-ty-tnhh-quan-ly-quy-bao-viet,0100111761-129,Khác,CÔNG TY BẢO VIỆT ĐÀ NẴNG,0100111761-003,Trần Công Đáng,97 Trần Phú - - Quận Hải Châu - Đà Nẵng.
https://masothue.com/0100111761-129-cong-ty-tnhh-quan-ly-quy-bao-viet,0100111761-129,Khác,CÔNG TY BẢO HIỂM ĐỒNG NAI,0100111761-004,Trần Khánh Hưng,"62 CMT8, P.Quyết Thắng - - Thành phố Biên Hoà - Đồng Nai."
https://masothue.com/0100111761-129-cong-ty-tnhh-quan-ly-quy-bao-viet,0100111761-129,Khác,CÔNG TY BẢO HIỂM ĐỒNG THÁP,0100111761-005,Nguyễn Huy Xanh,"Số 197-199 Hùng Vương, phường 2 - - Thành phố Cao Lãnh - Đồng Tháp."
https://masothue.com/0100111761-129-cong-ty-tnhh-quan-ly-quy-bao-viet,0100111761-129,Khác,CÔNG TY BẢO HIỂM GIALAI,0100111761-006,Trần Thị Toàn,7B Hai Bà Trưng - P.Tây Sơn - - Thành phố Pleiku - Gia Lai.
https://masothue.com/0100111761-129-cong-ty-tnhh-quan-ly-quy-bao-viet,0100111761-129,Khác,CÔNG TY BẢO HIỂM TỈNH HÀ GIANG,0100111761-007,Đỗ văn Dúp,95 - Đường Lê quí Đôn Phường Nguyễn Trãi - - TP Hà Giang - Hà Giang.
https://masothue.com/0100111761-129-cong-ty-tnhh-quan-ly-quy-bao-viet,0100111761-129,Khác,CÔNG TY BẢO HIỂM HÀ NAM,0100111761-008,Bùi Văn Nam,Số 60 Đường Trần Phú - - Thành phố Phủ Lý - Hà Nam.
https://masothue.com/0100111761-129-cong-ty-tnhh-quan-ly-quy-bao-viet,0100111761-129,Khác,CÔNG TY BẢO HIỂM HÀ NỘI,0100111761-009,bùi gia anh,15C Trần Khánh Dư - - Quận Hoàn Kiếm - Hà Nội.
https://masothue.com/0100111761-129-cong-ty-tnhh-quan-ly-quy-bao-viet,0100111761-129,Khác,CÔNG TY BẢO HIỂM HÀ TÂY,0100111761-010,Nguyễn văn Nghĩa,217 Đường Quang trung - - Quận Hà Đông - Hà Nội.
https://masothue.com/0100111761-129-cong-ty-tnhh-quan-ly-quy-bao-viet,0100111761-129,Khác,CÔNG TY BẢO HIỂM HÀ TĨNH,0100111761-011,Nguyễn Tường Hạnh,Số 96 - Đường Phan Đình Phùng - - Thành phố Hà Tĩnh - Hà Tĩnh.
https://masothue.com/0100111761-129-cong-ty-tnhh-quan-ly-quy-bao-viet,0100111761-129,Khác,CÔNG TY BẢO HIỂM HẢI DƯƠNG,0100111761-012,Nguyễn Anh Bé,Phường Phạm Ngũ Lão - - Thành phố Hải Dương - Hải Dương.
https://masothue.com/0100111761-129-cong-ty-tnhh-quan-ly-quy-bao-viet,0100111761-129,Khác,CÔNG TY BẢO HIỂM HẢI PHÒNG,0100111761-013,Hoàng Phú Dương,Số 24 Điện Biên Phủ - - Quận Ngô Quyền - Hải Phòng.
https://masothue.com/0100111761-129-cong-ty-tnhh-quan-ly-quy-bao-viet,0100111761-129,Khác,CÔNG TY BẢO HIỂM HOÀ BÌNH,0100111761-014,Phạm Hồng Hải,"53 An Dương Vương, Phường phương lâm - - Thành phố Hoà Bình - Hòa Bình."
https://masothue.com/0100111761-129-cong-ty-tnhh-quan-ly-quy-bao-viet,0100111761-129,Khác,CÔNG TY BẢO HIỂM CÀ MAU,0100111761-015,Nguyễn Thanh Phong,89 Nguyễn Hữu Sanh - F6 - - Thành phố Cà Mau - Cà Mau.
https://masothue.com/0100111761-129-cong-ty-tnhh-quan-ly-quy-bao-viet,0100111761-129,Khác,CÔNG TY BẢO HIỂM AN GIANG,0100111761-016,Trần Mậu Xuân,Số 379 Trần Hưng Đạo P. Mỹ Long - - Tỉnh An Giang - An Giang.
https://masothue.com/0100111761-129-cong-ty-tnhh-quan-ly-quy-bao-viet,0100111761-129,Khác,CÔNG TY BẢO HIỂM BẮC GIANG,0100111761-017,Nguyễn Tiến Cơi,158 đường Xương Giang - - Thành phố Bắc Giang - Bắc Giang.
https://masothue.com/0100111761-129-cong-ty-tnhh-quan-ly-quy-bao-viet,0100111761-129,Khác,CÔNG TY BẢO VIỆT BẮC NINH,0100111761-018,Nguyễn Văn Tấn,Số 45- Đường Lê Văn Thịnh - Suối Hoa - Thị xã Bắc ninh - - Thành phố Bắc Ninh - Bắc Ninh.
https://masothue.com/0100111761-129-cong-ty-tnhh-quan-ly-quy-bao-viet,0100111761-129,Khác,CÔNG TY BẢO HIỂM BẠC LIÊU,0100111761-019,Hồng Quốc Việt,31 Bà Triệu - P3 - - Tỉnh Bạc Liêu - Bạc Liêu.
https://masothue.com/0100111761-129-cong-ty-tnhh-quan-ly-quy-bao-viet,0100111761-129,Khác,CÔNG TY BẢO VIỆT BÌNH DƯƠNG,0100111761-020,Trần Quế Lộc,124 Lý Thường Kiệt - - Thành phố Thủ Dầu Một - Bình Dương.
https://masothue.com/0100111761-129-cong-ty-tnhh-quan-ly-quy-bao-viet,0100111761-129,Khác,CÔNG TY BẢO HIỂM BÌNH ĐỊNH,0100111761-021,Lê Văn Định,62 Diên Hồng Phường Lý Thường Kiệt - - Thành phố Quy Nhơn - Bình Định.
https://masothue.com/0100111761-129-cong-ty-tnhh-quan-ly-quy-bao-viet,0100111761-129,Khác,CÔNG TY BẢO HIỂM BÌNH PHƯỚC,0100111761-022,Trần Văn Sung,Đường Hùng Vương - - Thành Phố Đồng Xoài - Bình Phước.
https://masothue.com/0100111761-129-cong-ty-tnhh-quan-ly-quy-bao-viet,0100111761-129,Khác,CÔNG TY BẢO HIỂM BÀ RỊA-VŨNG TÀU,0100111761-023,Đoàn Công Trực,"Số 57 đường 30/4, phường 9 - - Thành Phố Vũng Tàu - Bà Rịa - Vũng Tàu."
https://masothue.com/0100111761-129-cong-ty-tnhh-quan-ly-quy-bao-viet,0100111761-129,Khác,CÔNG TY BẢO HIỂM BẾN TRE,0100111761-024,Võ Văn Hiệp,612B2 - QL 60 - Phường Phú Khương - Thành phố Bến Tre - Bến Tre.
https://masothue.com/0100111761-129-cong-ty-tnhh-quan-ly-quy-bao-viet,0100111761-129,Khác,CÔNG TY BẢO HIỂM BÌNH THUẬN,0100111761-025,Vũ Văn Đồng,Nguyễn Tất Thành - - Thành phố Phan Thiết - Bình Thuận.
https://masothue.com/0100111761-129-cong-ty-tnhh-quan-ly-quy-bao-viet,0100111761-129,Khác,CÔNG TY BẢO VIỆT CAO BẰNG,0100111761-026,Tô Văn Trưởng,Số:009 Hoàng Đình Giong -Hợp giang - - Thành phố Cao Bằng - Cao Bằng.
https://masothue.com/0100111761-129-cong-ty-tnhh-quan-ly-quy-bao-viet,0100111761-129,Khác,CÔNG TY BẢO HIỂM HƯNG YÊN,0100111761-027,Đặng Quang Hoà,"Số 154 Đường Nguyễn Văn Linh , phường Lam Sơn - - Thành phố Hưng yên - Hưng Yên."
https://masothue.com/0100111761-129-cong-ty-tnhh-quan-ly-quy-bao-viet,0100111761-129,Khác,CÔNG TY BẢO HIỂM KHÁNH HÒA,0100111761-028,Lương Ngọc Hải,5 Hùng Vương - - Thành phố Nha Trang - Khánh Hòa.
https://masothue.com/0100111761-129-cong-ty-tnhh-quan-ly-quy-bao-viet,0100111761-129,Khác,CÔNG TY BẢO HIỂM KIÊN GIANG,0100111761-029,Võ Văn Tuấn,11 Mậu Thân - Vĩnh thanh - - Thành phố Rạch Giá - Kiên Giang.
https://masothue.com/0100111761-129-cong-ty-tnhh-quan-ly-quy-bao-viet,0100111761-129,Khác,CÔNG TY BẢO HIỂM KON TUM,0100111761-030,Nguyễn Ngọc Mỹ,182 Nguyễn Huệ - - Thành phố Kon Tum - Kon Tum.
https://masothue.com/0100111761-129-cong-ty-tnhh-quan-ly-quy-bao-viet,0100111761-129,Khác,CÔNG TY BẢO HIỂM ĐIỆN BIÊN,0100111761-031,Nguyễn hữu Đạo,Phố 3 Phường Mường thanh - - Thành phố Điện Biên Phủ - Điện Biên.
https://masothue.com/0100111761-129-cong-ty-tnhh-quan-ly-quy-bao-viet,0100111761-129,Khác,CÔNG TY BẢO VIỆT LÀO CAI,0100111761-032,Trần Duy Cường,501 Hoàng Liên - phường Kim Tân - - Thành phố Lào Cai - Lào Cai.
https://masothue.com/0100111761-129-cong-ty-tnhh-quan-ly-quy-bao-viet,0100111761-129,Khác,CÔNG TY BẢO HIỂM LÂM ĐỒNG,0100111761-033,Vũ Quang Chung,10A Đường 3 Tháng 4 - - Thành phố Đà Lạt - Lâm Đồng.
https://masothue.com/0100111761-129-cong-ty-tnhh-quan-ly-quy-bao-viet,0100111761-129,Khác,CÔNG TY BẢO VIỆT LONG AN,0100111761-034,Nguyễn Ngọc Tấn,18 Nguyễn Trung Trực - Phường 2 - - Thành phố Tân An - Long An.
https://masothue.com/0100111761-129-cong-ty-tnhh-quan-ly-quy-bao-viet,0100111761-129,Khác,CÔNG TY BẢO HIỂM LẠNG SƠN,0100111761-035,TRỊNH VIỆT DŨNG,"Số 2, đường Bắc Sơn, Phường Vĩnh Trại, Thành phố Lạng Sơn, Tỉnh Lạng Sơn, Việt Nam"
https://masothue.com/0100111761-129-cong-ty-tnhh-quan-ly-quy-bao-viet,0100111761-129,Khác,CÔNG TY BẢO HIỂM NAM ĐỊNH,0100111761-036,Lương đình chi,Số 3 Nguyễn Du - - Thành phố Nam Định - Nam Định.
https://masothue.com/0100111761-129-cong-ty-tnhh-quan-ly-quy-bao-viet,0100111761-129,Khác,CÔNG TY BẢO VIỆT NINH BÌNH,0100111761-037,Nguyễn Trọng Khiêm,Quốc lộ 1A Trần Hưng Đạo - - Thành phố Ninh Bình - Ninh Bình.
https://masothue.com/0100111761-129-cong-ty-tnhh-quan-ly-quy-bao-viet,0100111761-129,Khác,CÔNG TY BẢO HIỂM NGHỆ AN,0100111761-038,phan bá Trung,105 Minh khai - phường lê mao - - Thành phố Vinh - Nghệ An.
https://masothue.com/0100111761-129-cong-ty-tnhh-quan-ly-quy-bao-viet,0100111761-129,Khác,CÔNG TY BẢO HIỂM NHÂN THỌ HÀ NỘI,0100111761-039,Nguyễn Đức Tuấn,94 Bà triệu - - Quận Hoàn Kiếm - Hà Nội.
https://masothue.com/0100111761-129-cong-ty-tnhh-quan-ly-quy-bao-viet,0100111761-129,Khác,CÔNG TY BẢO VIỆT NINH THUẬN,0100111761-040,Bùi Quang Dũng,Số 136 Đường 21/8 - - TP. Phan Rang-Tháp Chàm - Ninh Thuận.
https://masothue.com/0100111761-129-cong-ty-tnhh-quan-ly-quy-bao-viet,0100111761-129,Khác,CÔNG TY BẢO HIỂM PHÚ THỌ,0100111761-041,Đặng Vũ Hải,2207 Đại lộ Hùng vương - - Thành phố Việt Trì - Phú Thọ.
https://masothue.com/0100111761-129-cong-ty-tnhh-quan-ly-quy-bao-viet,0100111761-129,Khác,CÔNG TY BẢO HIỂM PHÚ YÊN,0100111761-042,Nguyễn Tô,319 Trần Hưng Đạo - - TP Tuy Hoà - Phú Yên.
https://masothue.com/0100111761-129-cong-ty-tnhh-quan-ly-quy-bao-viet,0100111761-129,Khác,CÔNG TY BẢO HIỂM QUẢNG BÌNH,0100111761-043,Hoàng Minh cành,47 Lý Thường kiệt - - Thành phố Đồng Hới - Quảng Bình.
https://masothue.com/0100111761-129-cong-ty-tnhh-quan-ly-quy-bao-viet,0100111761-129,Khác,CÔNG TY BẢO VIỆT QUẢNG NAM,0100111761-044,Nguyễn Xuân Phương,"24 Phan Bội Châu, Tân Thạnh - - Thành phố Tam Kỳ - Quảng Nam."
https://masothue.com/0100111761-129-cong-ty-tnhh-quan-ly-quy-bao-viet,0100111761-129,Khác,CÔNG TY BẢO HIỂM QUẢNG NINH,0100111761-045,NULL,"Thành phố Hạ Long, Tỉnh Quảng Ninh, Việt Nam"
https://masothue.com/0100111761-129-cong-ty-tnhh-quan-ly-quy-bao-viet,0100111761-129,Khác,CÔNG TY BẢO HIỂM QUẢNG NGÃI,0100111761-046,Đào Ngọc Tạ,101 ĐL Hùng Vương - - Thành phố Quảng Ngãi - Quảng Ngãi.
https://masothue.com/0100111761-129-cong-ty-tnhh-quan-ly-quy-bao-viet,0100111761-129,Khác,CÔNG TY BẢO HIỂM QUẢNG TRỊ,0100111761-047,Trương Khắc Tài,61 Hùng vương - - Thành phố Đông Hà - Quảng Trị.
https://masothue.com/0100111761-129-cong-ty-tnhh-quan-ly-quy-bao-viet,0100111761-129,Khác,CTY BẢO HIỂM SÀI GÒN,0100111761-048,Phạm Anh Thư,23-25 Thái Văn Lung - - Quận 1 - TP Hồ Chí Minh.
https://masothue.com/0100111761-129-cong-ty-tnhh-quan-ly-quy-bao-viet,0100111761-129,Khác,CÔNG TY BẢO HIỂM TỈNH SƠN LA,0100111761-049,Nguyễn Thị Thanh Hải,Số 45 đường Tô Hiệu - - Thành phố Sơn La - Sơn La.
https://masothue.com/0100111761-129-cong-ty-tnhh-quan-ly-quy-bao-viet,0100111761-129,Khác,CTY BẢO HIỂM SÓC TRĂNG,0100111761-050,Trần Minh Đức,"65 Hùng Vương, P6 - - Thành phố Sóc Trăng - Sóc Trăng."
https://masothue.com/0100111761-129-cong-ty-tnhh-quan-ly-quy-bao-viet,0100111761-129,Khác,CÔNG TY BẢO HIỂM THÁI BÌNH,0100111761-051,Bùi Anh Toán,79 Phố Lê Lợi - - Thành phố Thái Bình - Thái Bình.
https://masothue.com/0100111761-129-cong-ty-tnhh-quan-ly-quy-bao-viet,0100111761-129,Khác,CÔNG TY BẢO HIỂM THANH HOÁ,0100111761-052,Đỗ Văn Chung,666- Bà Triệu - Điện Biên - - Thành phố Thanh Hoá - Thanh Hoá.
https://masothue.com/0100111761-129-cong-ty-tnhh-quan-ly-quy-bao-viet,0100111761-129,Khác,CÔNG TY BẢO HIỂM TỈNH THÁI NGUYÊN,0100111761-053,Lê Minh Thái,"SN 51 đường Hoàng Văn Thụ., phường Phan Đình Phùng - - Thành phố Thái Nguyên - Thái Nguyên."
https://masothue.com/0100111761-129-cong-ty-tnhh-quan-ly-quy-bao-viet,0100111761-129,Khác,CÔNG TY BẢO HIỂM TÂY NINH,0100111761-054,Mai Diệu Hiền,161 Đường 30/4 F1 - - Thành phố Tây Ninh - Tây Ninh.
https://masothue.com/0100111761-129-cong-ty-tnhh-quan-ly-quy-bao-viet,0100111761-129,Khác,CTY BẢO HIỂM TIỀN GIANG,0100111761-055,Hùynh Văn lắm,"65 đường 30/4 , P1 - - Tỉnh Tiền Giang - Tiền Giang."
https://masothue.com/0100111761-129-cong-ty-tnhh-quan-ly-quy-bao-viet,0100111761-129,Khác,CÔNG TY BẢO VIỆT THỪA THIÊN - HUẾ,0100111761-056,Dương Đức Thạnh (Đầu CN),47 Nguyễn Huệ - - Thành phố Huế - Thừa Thiên - Huế.
https://masothue.com/0100111761-129-cong-ty-tnhh-quan-ly-quy-bao-viet,0100111761-129,Khác,CÔNG TY BẢO VIỆT TUYÊN QUANG,0100111761-057,Hà Phúc Phình,"235b, đường 17/8, phường Phan thiết - - Tỉnh Tuyên Quang - Tuyên Quang."
https://masothue.com/0100111761-129-cong-ty-tnhh-quan-ly-quy-bao-viet,0100111761-129,Khác,CÔNG TY BẢO HIỂM TRÀ VINH,0100111761-058,Đặng Văn Thông,"139, Phạm Hồng Thái, Phường 2 - - Thành phố Trà Vinh - Trà Vinh."
https://masothue.com/0100111761-129-cong-ty-tnhh-quan-ly-quy-bao-viet,0100111761-129,Khác,CÔNG TY BẢO VIỆT VĨNH LONG,0100111761-059,Lê Đắc Hiểu,"Số 1A Đinh Tiên Hoàng, phường 8 - - Thành phố Vĩnh Long - Vĩnh Long."
https://masothue.com/0100111761-129-cong-ty-tnhh-quan-ly-quy-bao-viet,0100111761-129,Khác,CÔNG TY BẢO HIỂM VĨNH PHÚC,0100111761-060,Nguyễn Mạnh Hà,"Xóm Khâu, Phường Tích sơn - - Thành phố Vĩnh Yên - Vĩnh Phúc."
https://masothue.com/0100111761-129-cong-ty-tnhh-quan-ly-quy-bao-viet,0100111761-129,Khác,CÔNG TY BẢO VIỆT YÊN BÁI,0100111761-061,Vũ Anh Tuấn,816A - Đường Điện biên - Phường Đồng Tâm - - Thành phố Yên Bái - Yên Bái.
https://masothue.com/0100111761-129-cong-ty-tnhh-quan-ly-quy-bao-viet,0100111761-129,Khác,CTY BẢO HIỂM NHÂN THỌ MIỀN NAM,0100111761-063,Đăng Ngọc Thanh,185-187 Nguyễn Thái Học - - Quận 1 - TP Hồ Chí Minh.
https://masothue.com/0100111761-129-cong-ty-tnhh-quan-ly-quy-bao-viet,0100111761-129,Khác,CÔNG TY BẢO HIỂM BẮC KẠN,0100111761-064,Lê Minh Thái,Tổ 7A- Phường Đức Xuân - - Thành Phố Bắc Kạn - Bắc Kạn.
https://masothue.com/0100111761-129-cong-ty-tnhh-quan-ly-quy-bao-viet,0100111761-129,Khác,CÔNG TY BẢO HIỂM NHÂN THỌ AN GIANG,0100111761-065,Trần Thị Sương,"40 Trần Hưng Đạo, P.Mỹ Xuyên - - Thành phố Long Xuyên - An Giang."
https://masothue.com/0100111761-129-cong-ty-tnhh-quan-ly-quy-bao-viet,0100111761-129,Khác,CÔNG TY BẢO HIỂM NHÂN THỌ BÀ RỊA VŨNG TÀU,0100111761-066,Phan Thanh Tuấn,Số 57 Đường 30/4 phường 9 - - Thành Phố Vũng Tàu - Bà Rịa - Vũng Tàu.
https://masothue.com/0100111761-129-cong-ty-tnhh-quan-ly-quy-bao-viet,0100111761-129,Khác,CÔNG TY BẢO VIỆT NHÂN THỌ BẮC NINH,0100111761-067,Ngô Văn Khương,Tầng 4 CN quỹ hỗ trợ phát triển tỉnh BN- Nguyễn Đăng Đạo - - Thành phố Bắc Ninh - Bắc Ninh.
https://masothue.com/0100111761-129-cong-ty-tnhh-quan-ly-quy-bao-viet,0100111761-129,Khác,CÔNG TY BẢO HIỂM NHÂN THỌ BÌNH ĐỊNH,0100111761-068,Nguyễn Đình Vinh,40 Nguyễn Thái Học - - Thành phố Quy Nhơn - Bình Định.
https://masothue.com/0100111761-129-cong-ty-tnhh-quan-ly-quy-bao-viet,0100111761-129,Khác,CÔNG TY BẢO VIỆT NHÂN THỌ BÌNH DƯƠNG,0100111761-069,Lê Văn Đi,"181 Đại Lộ Bình Dương, khu 3, phường Phú Thọ - - Thành phố Thủ Dầu Một - Bình Dương."
https://masothue.com/0100111761-129-cong-ty-tnhh-quan-ly-quy-bao-viet,0100111761-129,Khác,CTY BẢO HIỂM NHÂN THỌ BÌNH THUẬN,0100111761-070,Nguyễn Ngọc Thành,Đường Nguyễn Tất Thành - - Thành phố Phan Thiết - Bình Thuận.
https://masothue.com/0100111761-129-cong-ty-tnhh-quan-ly-quy-bao-viet,0100111761-129,Khác,CÔNG TY BẢO HIỂM NHÂN THỌ CẦN THƠ,0100111761-071,Trương Hùng Thắng,154 đường 3/2 - - Quận Ninh Kiều - Cần Thơ.
https://masothue.com/0100111761-129-cong-ty-tnhh-quan-ly-quy-bao-viet,0100111761-129,Khác,CÔNG TY BẢO HIỂM NHÂN THỌ ĐỒNG THÁP,0100111761-072,Nguyễn Thị ánh Tuyết,"Số 9, Đốc Binh Kiều, Phường 2 - - Thành phố Cao Lãnh - Đồng Tháp."
https://masothue.com/0100111761-129-cong-ty-tnhh-quan-ly-quy-bao-viet,0100111761-129,Khác,CÔNG TY BẢO HIỂM NHÂN THỌ GIA LAI,0100111761-073,Nguyễn Văn Kiếm,39 Hùng Vương - - Thành phố Pleiku - Gia Lai.
https://masothue.com/0100111761-129-cong-ty-tnhh-quan-ly-quy-bao-viet,0100111761-129,Khác,CÔNG TY BẢO HIỂM NHÂN THỌ HÀ TÂY,0100111761-074,Nguyễn Đại Lượng,148 Trần p hú - - Quận Hà Đông - Hà Nội.
https://masothue.com/0100111761-129-cong-ty-tnhh-quan-ly-quy-bao-viet,0100111761-129,Khác,CÔNG TY BẢO HIỂM NHÂN THỌ HẢI PHÒNG,0100111761-075,Nguyễn Ngọc Cách,Số 24 Điện Biên Phủ - - Quận Ngô Quyền - Hải Phòng.
https://masothue.com/0100111761-129-cong-ty-tnhh-quan-ly-quy-bao-viet,0100111761-129,Khác,CÔNG TY BẢO HIỂM NHÂN THỌ KHÁNH HÒA,0100111761-076,Bùi Trọng Kính,05 Hùng Vương - - Thành phố Nha Trang - Khánh Hòa.
https://masothue.com/0100111761-129-cong-ty-tnhh-quan-ly-quy-bao-viet,0100111761-129,Khác,CÔNG TY BẢO HIỂM NHÂN THỌ KIÊN GIANG,0100111761-077,Nguyễn Minh Trí,Số 495 Nguyễn Trung Trực - - Thành phố Rạch Giá - Kiên Giang.
https://masothue.com/0100111761-129-cong-ty-tnhh-quan-ly-quy-bao-viet,0100111761-129,Khác,CÔNG TY BẢO HIỂM NHÂN THỌ LÂM ĐỒNG,0100111761-078,Ngô Minh Đức,1E Hà Huy Tập - P.3 - - Thành phố Đà Lạt - Lâm Đồng.
https://masothue.com/0100111761-129-cong-ty-tnhh-quan-ly-quy-bao-viet,0100111761-129,Khác,CÔNG TY BẢO HIỂM NHÂN THỌ NGHỆ AN,0100111761-079,Phạm Ngọc Sơn,Số 45 đường V.I.Lê Nin - - Thành phố Vinh - Nghệ An.
https://masothue.com/0100111761-129-cong-ty-tnhh-quan-ly-quy-bao-viet,0100111761-129,Khác,CÔNG TY BẢO HIỂM NHÂN THỌ NINH THUẬN,0100111761-080,Nguyễn Văn Minh,136-Đường 21/8-Phước mỹ - - TP. Phan Rang-Tháp Chàm - Ninh Thuận.
https://masothue.com/0100111761-129-cong-ty-tnhh-quan-ly-quy-bao-viet,0100111761-129,Khác,CÔNG TY BẢO HIỂM NHÂN THỌ PHÚ THỌ,0100111761-081,Triệu Văn Quang,1670- Đại Lộ Hùng Vương - - Thành phố Việt Trì - Phú Thọ.
https://masothue.com/0100111761-129-cong-ty-tnhh-quan-ly-quy-bao-viet,0100111761-129,Khác,CÔNG TY BẢO HIỂM NHÂN THỌ QUẢNG NGÃI,0100111761-082,Hoàng Xuân Cảnh,101 Đại Lộ Hùng Vương - - Thành phố Quảng Ngãi - Quảng Ngãi.
https://masothue.com/0100111761-129-cong-ty-tnhh-quan-ly-quy-bao-viet,0100111761-129,Khác,CHI NHÁNH CÔNG TY BẢO HIỂM NHÂN THỌ QUẢNG NINH,0100111761-083,0,"Thành phố Hạ Long, Tỉnh Quảng Ninh, Việt Nam"
https://masothue.com/0100111761-129-cong-ty-tnhh-quan-ly-quy-bao-viet,0100111761-129,Khác,CTY BẢO HIỂM NHÂN THỌ TÂY NINH,0100111761-084,Đặng Tấn Tài,155C Đại lộ 30/4 - Phường 1 - - Thành phố Tây Ninh - Tây Ninh.
https://masothue.com/0100111761-129-cong-ty-tnhh-quan-ly-quy-bao-viet,0100111761-129,Khác,CÔNG TY BẢO HIỂM NHÂN THỌ THANH HOÁ,0100111761-085,Lê Khả Thu,666- Bà Triệu- Điện Biên - - Thành phố Thanh Hoá - Thanh Hoá.
https://masothue.com/0100111761-129-cong-ty-tnhh-quan-ly-quy-bao-viet,0100111761-129,Khác,CÔNG TY BẢO HIỂM NHÂN THỌ THỪA THIÊN - HUẾ,0100111761-086,Lê Văn Đồng,Đường Phạm Văn Đồng - QL49 khu quy hoạch Nam Vĩ Dạ - - Thành phố Huế - Thừa Thiên - Huế.
https://masothue.com/0100111761-129-cong-ty-tnhh-quan-ly-quy-bao-viet,0100111761-129,Khác,CT BẢO HIỂM NHÂN THỌ TG,0100111761-087,Võ Minh Hoàng,65 Đường 30/4 - - Thành phố Mỹ Tho - Tiền Giang.
https://masothue.com/0100111761-129-cong-ty-tnhh-quan-ly-quy-bao-viet,0100111761-129,Khác,CÔNG TY BẢO HIỂM NHÂN THỌ LONG AN,0100111761-088,Nguyễn Hữu Hải,"Số 4, Đường số 5A, Phường 2 - - Thành phố Tân An - Long An."
https://masothue.com/0100111761-129-cong-ty-tnhh-quan-ly-quy-bao-viet,0100111761-129,Khác,CÔNG TY BẢO HIỂM NHÂN THỌ ĐẮK LẮK,0100111761-089,Phạm Kim Thành,52 Nguyễn Tất Thành - - TP.Buôn Ma Thuột - Đắk Lắk.
https://masothue.com/0100111761-129-cong-ty-tnhh-quan-ly-quy-bao-viet,0100111761-129,Khác,CÔNG TY BẢO VIỆT NHÂN THỌ ĐÀ NẴNG,0100111761-090,Vương Văn An,257 Đống Đa - - Quận Hải Châu - Đà Nẵng.
https://masothue.com/0100111761-129-cong-ty-tnhh-quan-ly-quy-bao-viet,0100111761-129,Khác,CÔNG TY BẢO HIỂM NHÂN THỌ ĐỒNG NAI,0100111761-091,Nguyễn Văn Xê,"Số 211- 213 QL 15, P.Tân Tiến - - Thành phố Biên Hoà - Đồng Nai."
https://masothue.com/0100111761-129-cong-ty-tnhh-quan-ly-quy-bao-viet,0100111761-129,Khác,CÔNG TY BẢO HIỂM NHÂN THỌ BẮC GIANG,0100111761-092,Vũ Mạnh Giang,158 đường Xương Giang - - Thành phố Bắc Giang - Bắc Giang.
https://masothue.com/0100111761-129-cong-ty-tnhh-quan-ly-quy-bao-viet,0100111761-129,Khác,CÔNG TY BẢO HIỂM NHÂN THỌ BẠC LIÊU,0100111761-093,Vũ Tiến Lợi,"21-23B- TT Thương Mại, Phường 3 - - Tỉnh Bạc Liêu - Bạc Liêu."
https://masothue.com/0100111761-129-cong-ty-tnhh-quan-ly-quy-bao-viet,0100111761-129,Khác,CÔNG TY BẢO HIỂM NHÂN THỌ BẾN TRE,0100111761-094,Nguyễn Thị Giang,225 A5 - ĐL Đồng Khởi - KP3 - Phường Phú Khương - - Thành phố Bến Tre - Bến Tre.
https://masothue.com/0100111761-129-cong-ty-tnhh-quan-ly-quy-bao-viet,0100111761-129,Khác,CÔNG TY BẢO HIỂM NHÂN THỌ BÌNH PHƯỚC,0100111761-095,Nguyễn Đức Hạnh,"Đường Hùng Vương, Tân Bình - - Thành Phố Đồng Xoài - Bình Phước."
https://masothue.com/0100111761-129-cong-ty-tnhh-quan-ly-quy-bao-viet,0100111761-129,Khác,CÔNG TY BẢO HIỂM NHÂN THỌ CÀ MAU,0100111761-096,Tô Minh Hiển,"42 Phan Ngọc Hiển, F6 - - Thành phố Cà Mau - Cà Mau."
https://masothue.com/0100111761-129-cong-ty-tnhh-quan-ly-quy-bao-viet,0100111761-129,Khác,CÔNG TY BẢO HIỂM NHÂN THỌ TỈNH HÀ GIANG,0100111761-097,Nguyễn gia Thiều,95 Lê quí Đôn - - Tỉnh Hà Giang - Hà Giang.
https://masothue.com/0100111761-129-cong-ty-tnhh-quan-ly-quy-bao-viet,0100111761-129,Khác,CÔNG TY BẢO HIỂM NHÂN THỌ HÀ TĨNH,0100111761-098,Nguyễn Văn Tình,35 - Đường Hà Huy Tập - - Thành phố Hà Tĩnh - Hà Tĩnh.
https://masothue.com/0100111761-129-cong-ty-tnhh-quan-ly-quy-bao-viet,0100111761-129,Khác,CÔNG TY BẢO HIỂM NHÂN THỌ HẢI DƯƠNG,0100111761-099,Nguyễn Ngọc Việt,Km 1 Nguyễn Lương Bằng - - Tỉnh Hải Dương - Hải Dương.
https://masothue.com/0100111761-129-cong-ty-tnhh-quan-ly-quy-bao-viet,0100111761-129,Khác,CÔNG TY BẢO HIỂM NHÂN THỌ HOÀ BÌNH,0100111761-100,Dương Văn Lựu,Đường Lê Thánh Tông - đường Hữu Nghị - - Thành phố Hoà Bình - Hòa Bình.
https://masothue.com/0100111761-129-cong-ty-tnhh-quan-ly-quy-bao-viet,0100111761-129,Khác,CÔNG TY BẢO HIỂM NHÂN THỌ TỈNH KON TUM,0100111761-101,Lê Thành Hưng,182 Nguyễn Huệ - - Thành phố Kon Tum - Kon Tum.
https://masothue.com/0100111761-129-cong-ty-tnhh-quan-ly-quy-bao-viet,0100111761-129,Khác,CÔNG TY BẢO HIỂM NHÂN THỌ ĐIỆN BIÊN,0100111761-102,Nguyễn Đức Thành,Phố 3 - Phường Mường thanh - - Thành phố Điện Biên Phủ - Điện Biên.
https://masothue.com/0100111761-129-cong-ty-tnhh-quan-ly-quy-bao-viet,0100111761-129,Khác,CÔNG TY BẢO HIỂM NHÂN THỌ LẠNG SƠN,0100111761-103,Trần Văn Xuân,Số 53 đường Lê Lợi - phường Vĩnh trại - - Thành phố Lạng Sơn - Lạng Sơn.
https://masothue.com/0100111761-129-cong-ty-tnhh-quan-ly-quy-bao-viet,0100111761-129,Khác,CÔNG TY BẢO VIỆT NHÂN THỌ NAM ĐỊNH,0100111761-104,Nguyễn Ngọc Tân,123 Nguyễn Đức Thuận - - Thành phố Nam Định - Nam Định.
https://masothue.com/0100111761-129-cong-ty-tnhh-quan-ly-quy-bao-viet,0100111761-129,Khác,CÔNG TY BẢO HIỂM NHÂN THỌ NINH BÌNH,0100111761-105,Lê Thế Hùng,"Đường vào nhà thi đấu thể thao tỉnh, phường Đông Thành - - Thành phố Ninh Bình - Ninh Bình."
https://masothue.com/0100111761-129-cong-ty-tnhh-quan-ly-quy-bao-viet,0100111761-129,Khác,CÔNG TY BẢO HIỂM NHÂN THỌ PHÚ YÊN,0100111761-106,Nguyễn Phúc,"147 Hùng Vương, Phường 5 - - TP Tuy Hoà - Phú Yên."
https://masothue.com/0100111761-129-cong-ty-tnhh-quan-ly-quy-bao-viet,0100111761-129,Khác,CÔNG TY BẢO HIỂM NHÂN THỌ QUẢNG BÌNH,0100111761-107,Đinh Ngọc Sơn,47 Lý thường Kiệt - - Thành phố Đồng Hới - Quảng Bình.
https://masothue.com/0100111761-129-cong-ty-tnhh-quan-ly-quy-bao-viet,0100111761-129,Khác,CÔNG TY BẢO HIỂM NHÂN THỌ QUẢNG NAM,0100111761-108,Bùi Trọng Kính,"176 Phan Chu Trinh, An Mỹ - - Thành phố Tam Kỳ - Quảng Nam."
https://masothue.com/0100111761-129-cong-ty-tnhh-quan-ly-quy-bao-viet,0100111761-129,Khác,CTY BẢO HIỂM NHÂN THỌ QUẢNG TRỊ,0100111761-109,Hà Văn Hải,61 Hùng vương đông hà - - Thành phố Đông Hà - Quảng Trị.
https://masothue.com/0100111761-129-cong-ty-tnhh-quan-ly-quy-bao-viet,0100111761-129,Khác,CTY BẢO HIỂM NHÂN THỌ SÓC TRĂNG,0100111761-110,Trần Minh Đức,"Số 65 đường Hùng Vương, phường 6 - - Thành phố Sóc Trăng - Sóc Trăng."
https://masothue.com/0100111761-129-cong-ty-tnhh-quan-ly-quy-bao-viet,0100111761-129,Khác,CÔNG TY BẢO HIỂM NHÂN THỌ SƠN LA,0100111761-111,Cà Sơn Lai,Số 45 đường Tô Hiệu - - Thành phố Sơn La - Sơn La.
https://masothue.com/0100111761-129-cong-ty-tnhh-quan-ly-quy-bao-viet,0100111761-129,Khác,CÔNG TY BẢO HIỂM NHÂN THỌ THÁI BÌNH,0100111761-112,Giang Công Lợi,Phố Lê Lợi - - Thành phố Thái Bình - Thái Bình.
https://masothue.com/0100111761-129-cong-ty-tnhh-quan-ly-quy-bao-viet,0100111761-129,Khác,CÔNG TY BẢO HIỂM NHÂN THỌ THÁI NGUYÊN,0100111761-113,Nguyễn Văn Quyết,51 - Đường Hoàng Văn Thụ . TPTN - - Thành phố Thái Nguyên - Thái Nguyên.
https://masothue.com/0100111761-129-cong-ty-tnhh-quan-ly-quy-bao-viet,0100111761-129,Khác,CÔNG TY BẢO HIỂM NHÂN THỌ TRÀ VINH,0100111761-114,Nguyễn Văn Thắng,Nguyễn Đáng-P6 - - Tỉnh Trà Vinh - Trà Vinh.
https://masothue.com/0100111761-129-cong-ty-tnhh-quan-ly-quy-bao-viet,0100111761-129,Khác,CÔNG TY BẢO HIỂM NHÂN THỌ TUYÊN QUANG,0100111761-115,Bùi Văn Vinh,235b - Đường 17/8 phường Phan thiết - - Thành Phố Tuyên Quang - Tuyên Quang.
https://masothue.com/0100111761-129-cong-ty-tnhh-quan-ly-quy-bao-viet,0100111761-129,Khác,CÔNG TY BẢO HIỂM NHÂN THỌ VĨNH LONG,0100111761-116,Trần Thị Soa,Số 1A Đinh Tiên Hoàng Phường 8 - - Thành phố Vĩnh Long - Vĩnh Long.
https://masothue.com/0100111761-129-cong-ty-tnhh-quan-ly-quy-bao-viet,0100111761-129,Khác,CÔNG TY BẢO HIỂM NHÂN THỌ VĨNH PHÚC,0100111761-117,Vũ Kim Thăng,158 Đường Trần phú phường Liên bảo - - Thành phố Vĩnh Yên - Vĩnh Phúc.
https://masothue.com/0100111761-129-cong-ty-tnhh-quan-ly-quy-bao-viet,0100111761-129,Khác,CÔNG TY BẢO HIỂM NHÂN THỌ YÊN BÁI,0100111761-118,Phan Duy Tú,816A - Đường Điện Biên - - Thành phố Yên Bái - Yên Bái.
https://masothue.com/0100111761-129-cong-ty-tnhh-quan-ly-quy-bao-viet,0100111761-129,Khác,CÔNG TY BẢO HIỂM NHÂN THỌ HÀ NAM,0100111761-119,Vũ Mạnh Khiêm,"Đường Lê Chân, Xã Châu Sơn - - Thành phố Phủ Lý - Hà Nam."
https://masothue.com/0100111761-129-cong-ty-tnhh-quan-ly-quy-bao-viet,0100111761-129,Khác,CÔNG TY BẢO HIỂM NHÂN THỌ BẮC KẠN,0100111761-120,Nguyễn Hồng Cường,Tổ 7A-Phường Đức Xuân - - Thành Phố Bắc Kạn - Bắc Kạn.
https://masothue.com/0100111761-129-cong-ty-tnhh-quan-ly-quy-bao-viet,0100111761-129,Khác,CÔNG TY BẢO HIỂM NHÂN THỌ CAO BẰNG,0100111761-121,Nông Như ý,Số :032 - Phố Xuân Trương - Phường Hợp giang - - Thành phố Cao Bằng - Cao Bằng.
https://masothue.com/0100111761-129-cong-ty-tnhh-quan-ly-quy-bao-viet,0100111761-129,Khác,CÔNG TY BẢO HIỂM NHÂN THỌ HƯNG YÊN,0100111761-122,Lê Hoàng Minh,154- Nguyễn văn Linh -Thị xã Hưng Yên - - Thành phố Hưng yên - Hưng Yên.
https://masothue.com/0100111761-129-cong-ty-tnhh-quan-ly-quy-bao-viet,0100111761-129,Khác,CÔNG TY BẢO VIỆT NHÂN THỌ LÀO CAI,0100111761-123,Lê Anh Đức,028 Hoàng Sào - Phường Duyên Hải - - Thành phố Lào Cai - Lào Cai.
https://masothue.com/0100111761-129-cong-ty-tnhh-quan-ly-quy-bao-viet,0100111761-129,Khác,BẢO HIỂM NHÂN THỌ VIỆT NAM,0100111761-124,Đỗ Trường Minh,Tầng 6 toà nhà Ocean Park Số 1 Đào Duy Anh - Phường Phương Mai - Quận Đống đa - Hà Nội.
https://masothue.com/0100111761-129-cong-ty-tnhh-quan-ly-quy-bao-viet,0100111761-129,Khác,CÔNG TY BẢO HIỂM ĐĂK NÔNG,0100111761-125,Nguyễn Chiến Thắng,Phường Nghĩa Thành - - Thành phố Gia Nghĩa - Đắk Nông.
https://masothue.com/0100111761-129-cong-ty-tnhh-quan-ly-quy-bao-viet,0100111761-129,Khác,CÔNG TY BẢO HIỂM LAI CHÂU,0100111761-126,Nguyễn Hữu Đạo,Phố Quyết Thắng 2 - - Thành Phố Lai Châu - Lai Châu.
https://masothue.com/0100111761-129-cong-ty-tnhh-quan-ly-quy-bao-viet,0100111761-129,Khác,CÔNG TY BẢO HIỂM HẬU GIANG,0100111761-127,Ngô Cẩm Vân,"số 15, đường 1 tháng 5 - - Thành phố Vị Thanh - Hậu Giang."
https://masothue.com/0100111761-129-cong-ty-tnhh-quan-ly-quy-bao-viet,0100111761-129,Khác,TRUNG TÂM ĐÀO TẠO BẢO VIỆT,0100111761-128,Nguyễn Thanh Hải,Số 8 Phố Lê Thái Tổ - - Quận Hoàn Kiếm - Hà Nội.
https://masothue.com/0100111761-129-cong-ty-tnhh-quan-ly-quy-bao-viet,0100111761-129,Khác,BAN QUẢN LÝ DỰ ÁN ĐẦU TƯ XÂY DỰNG CÁC CÔNG TRÌNH BẢO VIỆT,0100111761-130,Bùi Thanh Nguyên,"Số 8 phố Lê Thái Tổ, phường Hàng Trống - - Quận Hoàn Kiếm - Hà Nội."
https://masothue.com/0100111761-129-cong-ty-tnhh-quan-ly-quy-bao-viet,0100111761-129,Khác,CHI NHÁNH TRUNG TÂM CÔNG NGHỆ THÔNG TIN TẬP ĐOÀN BẢO VIỆT,0100111761-131,TRƯƠNG TUẤN LÂM,"Số 71 phố Ngô Sỹ Liên, Phường Văn Miếu, Quận Đống Đa, Thành phố Hà Nội, Việt Nam"
https://masothue.com/0101959829-cong-ty-tnhh-tu-van-va-xay-dung-vincom,0101959829,Xây dựng nhà các loại,,,,
https://masothue.com/0106237062-cong-ty-tnhh-kinh-doanh-bat-dong-san-vincom,0106237062,"Tư vấn, môi giới, đấu giá bất động sản, đấu giá quyền sử dụng đất",,,,
https://masothue.com/0106250673-cong-ty-tnhh-van-hanh-vincom-retail,0106250673,"Kinh doanh bất động sản, quyền sử dụng đất thuộc chủ sở hữu, chủ sử dụng hoặc đi thuê",CHI NHÁNH TẠI TỈNH PHÚ THỌ - CÔNG TY TNHH VẬN HÀNH VINCOM RETAIL,0106250673-001,VŨ MINH PHƯỢNG,"Trung tâm Thương mại Vincom Việt Trì, Đường Hùng Vương, Phường Tiên Cát, Thành phố Việt Trì, Tỉnh Phú Thọ, Việt Nam"
https://masothue.com/0106250673-cong-ty-tnhh-van-hanh-vincom-retail,0106250673,"Kinh doanh bất động sản, quyền sử dụng đất thuộc chủ sở hữu, chủ sử dụng hoặc đi thuê",CHI NHÁNH TẠI THÀNH PHỐ HẢI PHÒNG - CÔNG TY TNHH VẬN HÀNH VINCOM RETAIL,0106250673-002,VŨ MINH PHƯỢNG,"Số 1 đường Lê Thánh Tông, Phường Máy Tơ, Quận Ngô Quyền, Thành phố Hải Phòng, Việt Nam"
https://masothue.com/0106250673-cong-ty-tnhh-van-hanh-vincom-retail,0106250673,"Kinh doanh bất động sản, quyền sử dụng đất thuộc chủ sở hữu, chủ sử dụng hoặc đi thuê",CHI NHÁNH TẠI TỈNH QUẢNG NINH - CÔNG TY TNHH VẬN HÀNH VINCOM RETAIL,0106250673-003,VŨ MINH PHƯỢNG,"Khu cột Đồng Hồ, Phường Bạch Đằng, Thành phố Hạ Long, Tỉnh Quảng Ninh, Việt Nam"
https://masothue.com/0106250673-cong-ty-tnhh-van-hanh-vincom-retail,0106250673,"Kinh doanh bất động sản, quyền sử dụng đất thuộc chủ sở hữu, chủ sử dụng hoặc đi thuê",CHI NHÁNH TẠI TỈNH THÁI BÌNH - CÔNG TY TNHH VẬN HÀNH VINCOM RETAIL,0106250673-004,VŨ MINH PHƯỢNG,"Số 460, phố Lý Bôn, Phường Đề Thám, Thành phố Thái Bình, Tỉnh Thái Bình, Việt Nam"
https://masothue.com/0106250673-cong-ty-tnhh-van-hanh-vincom-retail,0106250673,"Kinh doanh bất động sản, quyền sử dụng đất thuộc chủ sở hữu, chủ sử dụng hoặc đi thuê",CHI NHÁNH TẠI TỈNH BẮC NINH - CÔNG TY TNHH VINCOM RETAIL MIỀN BẮC,0106250673-005,MAI THU THỦY,"Ngã 6, đường Lý Thái Tổ, Phường Suối Hoa, Thành phố Bắc Ninh, Tỉnh Bắc Ninh, Việt Nam"
https://masothue.com/0106250673-cong-ty-tnhh-van-hanh-vincom-retail,0106250673,"Kinh doanh bất động sản, quyền sử dụng đất thuộc chủ sở hữu, chủ sử dụng hoặc đi thuê",CHI NHÁNH TẠI TỈNH HẢI DƯƠNG - CÔNG TY TNHH VẬN HÀNH VINCOM RETAIL,0106250673-006,VŨ MINH PHƯỢNG,"Khu dân cư Nguyễn Trãi 1, Phường Sao Đỏ, Thành phố Chí Linh, Tỉnh Hải Dương, Việt Nam"
https://masothue.com/0106250673-cong-ty-tnhh-van-hanh-vincom-retail,0106250673,"Kinh doanh bất động sản, quyền sử dụng đất thuộc chủ sở hữu, chủ sử dụng hoặc đi thuê",CHI NHÁNH TẠI TỈNH YÊN BÁI - CÔNG TY TNHH VẬN HÀNH VINCOM RETAIL,0106250673-007,VŨ MINH PHƯỢNG,"Công viên Yên Hòa, đường Thành Công và đường Tô Hiến Thành, Phường Nguyễn Thái Học, Thành phố Yên Bái, Tỉnh Yên Bái, Việt Nam"
https://masothue.com/0106250673-cong-ty-tnhh-van-hanh-vincom-retail,0106250673,"Kinh doanh bất động sản, quyền sử dụng đất thuộc chủ sở hữu, chủ sử dụng hoặc đi thuê",CHI NHÁNH TẠI TỈNH THANH HÓA - CÔNG TY TNHH VẬN HÀNH VINCOM RETAIL,0106250673-008,VŨ MINH PHƯỢNG,"Lô 1, Thôn Nam Yến, Xã Hải Yến, Thị xã Nghi Sơn, Tỉnh Thanh Hoá, Việt Nam"
https://masothue.com/0106250673-cong-ty-tnhh-van-hanh-vincom-retail,0106250673,"Kinh doanh bất động sản, quyền sử dụng đất thuộc chủ sở hữu, chủ sử dụng hoặc đi thuê",CHI NHÁNH TẠI TỈNH HÀ TĨNH - CÔNG TY TNHH VẬN HÀNH VINCOM RETAIL,0106250673-009,VŨ MINH PHƯỢNG,"Góc ngã tư, đường Hàm Nghi và Đường Hà Huy Tập, Phường Hà Huy Tập, Thành phố Hà Tĩnh, Tỉnh Hà Tĩnh, Việt Nam"
https://masothue.com/0106250673-cong-ty-tnhh-van-hanh-vincom-retail,0106250673,"Kinh doanh bất động sản, quyền sử dụng đất thuộc chủ sở hữu, chủ sử dụng hoặc đi thuê",CHI NHÁNH TẠI TỈNH TUYÊN QUANG - CÔNG TY TNHH VẬN HÀNH VINCOM RETAIL,0106250673-010,VŨ MINH PHƯỢNG,"Số 260, Đường Quang Trung, Tổ dân phố 13, Phường Phan Thiết, Thành phố Tuyên Quang, Tỉnh Tuyên Quang, Việt Nam"
https://masothue.com/0106250673-cong-ty-tnhh-van-hanh-vincom-retail,0106250673,"Kinh doanh bất động sản, quyền sử dụng đất thuộc chủ sở hữu, chủ sử dụng hoặc đi thuê",CHI NHÁNH TẠI TỈNH NGHỆ AN - CÔNG TY TNHH VẬN HÀNH VINCOM RETAIL,0106250673-011,VŨ MINH PHƯỢNG,"Trung tâm VIncom+ Nam Đàn, Nghệ An, Xã Nam Nghĩa, Huyện Nam Đàn, Tỉnh Nghệ An, Việt Nam"
https://masothue.com/0106250673-cong-ty-tnhh-van-hanh-vincom-retail,0106250673,"Kinh doanh bất động sản, quyền sử dụng đất thuộc chủ sở hữu, chủ sử dụng hoặc đi thuê",CHI NHÁNH TẠI TỈNH HÀ GIANG – CÔNG TY TNHH VẬN HÀNH VINCOM RETAIL,0106250673-012,DƯƠNG HÀ MY,"Vincom Plaza Hà Giang – Khu trung tâm thương mại, khách sạn và nhà ở thương mại Hà Giang, Phường Trần Phú, Thành Phố Hà Giang, Tỉnh Hà Giang, Việt Nam"
https://masothue.com/0106250673-cong-ty-tnhh-van-hanh-vincom-retail,0106250673,"Kinh doanh bất động sản, quyền sử dụng đất thuộc chủ sở hữu, chủ sử dụng hoặc đi thuê",CHI NHÁNH TẠI TỈNH KHÁNH HÒA - CÔNG TY TNHH VẬN HÀNH VINCOM RETAIL,0106250673-013,VŨ MINH PHƯỢNG,"60 Thái Nguyên, Phường Phương Sài, Thành phố Nha Trang, Tỉnh Khánh Hòa, Việt Nam"
https://masothue.com/0106250673-cong-ty-tnhh-van-hanh-vincom-retail,0106250673,"Kinh doanh bất động sản, quyền sử dụng đất thuộc chủ sở hữu, chủ sử dụng hoặc đi thuê",CHI NHÁNH TẠI TỈNH KIÊN GIANG - CÔNG TY TNHH VẬN HÀNH VINCOM RETAIL,0106250673-014,VŨ MINH PHƯỢNG,"Lô A12, Khu phố 1, đường Cô Bắc, Phường Vĩnh Bảo, Thành phố Rạch Giá, Tỉnh Kiên Giang, Việt Nam"
https://masothue.com/0106250673-cong-ty-tnhh-van-hanh-vincom-retail,0106250673,"Kinh doanh bất động sản, quyền sử dụng đất thuộc chủ sở hữu, chủ sử dụng hoặc đi thuê",CHI NHÁNH TẠI TỈNH TRÀ VINH - CÔNG TY TNHH VẬN HÀNH VINCOM RETAIL,0106250673-015,VŨ MINH PHƯỢNG,"Số 24 Đường Nguyễn Thị Minh Khai, Khóm 3, Phường 2, Thành phố Trà Vinh, Tỉnh Trà Vinh, Việt Nam"
https://masothue.com/0106250673-cong-ty-tnhh-van-hanh-vincom-retail,0106250673,"Kinh doanh bất động sản, quyền sử dụng đất thuộc chủ sở hữu, chủ sử dụng hoặc đi thuê",CHI NHÁNH TẠI TỈNH PHÚ YÊN - CÔNG TY TNHH VẬN HÀNH VINCOM RETAIL,0106250673-016,VŨ MINH PHƯỢNG,"Góc Đông Bắc ngã tư đường Hùng Vương và đường Trần Phú, Phường 7, TP Tuy Hoà, Tỉnh Phú Yên, Việt Nam"
https://masothue.com/0106250673-cong-ty-tnhh-van-hanh-vincom-retail,0106250673,"Kinh doanh bất động sản, quyền sử dụng đất thuộc chủ sở hữu, chủ sử dụng hoặc đi thuê",CHI NHÁNH TẠI TỈNH LÂM ĐỒNG - CÔNG TY TNHH VẬN HÀNH VINCOM RETAIL,0106250673-017,VŨ MINH PHƯỢNG,"Số 83 Lê Hồng Phong, Phường 1, Thành phố Bảo Lộc, Tỉnh Lâm Đồng, Việt Nam"
https://masothue.com/0106250673-cong-ty-tnhh-van-hanh-vincom-retail,0106250673,"Kinh doanh bất động sản, quyền sử dụng đất thuộc chủ sở hữu, chủ sử dụng hoặc đi thuê",CHI NHÁNH TẠI TỈNH NINH THUẬN - CÔNG TY TNHH VẬN HÀNH VINCOM RETAIL,0106250673-018,VŨ MINH PHƯỢNG,"Số 122 đường 16/4, Phường Mỹ Hải, TP. Phan Rang-Tháp Chàm, Tỉnh Ninh Thuận, Việt Nam"
https://masothue.com/0106250673-cong-ty-tnhh-van-hanh-vincom-retail,0106250673,"Kinh doanh bất động sản, quyền sử dụng đất thuộc chủ sở hữu, chủ sử dụng hoặc đi thuê",CHI NHÁNH TẠI TỈNH VĨNH LONG - CÔNG TY TNHH VẬN HÀNH VINCOM RETAIL,0106250673-019,VŨ MINH PHƯỢNG,"Số 55 đường Phạm Thái Bường, Phường 4, Thành phố Vĩnh Long, Tỉnh Vĩnh Long, Việt Nam"
https://masothue.com/0106250673-cong-ty-tnhh-van-hanh-vincom-retail,0106250673,"Kinh doanh bất động sản, quyền sử dụng đất thuộc chủ sở hữu, chủ sử dụng hoặc đi thuê",CHI NHÁNH TẠI TỈNH AN GIANG - CÔNG TY TNHH VẬN HÀNH VINCOM RETAIL,0106250673-020,VŨ MINH PHƯỢNG,"Trung Tâm Thương Mại Vincom Long Xuyên – An Giang, Phường Mỹ Bình, Thành phố Long Xuyên , Tỉnh An Giang, Việt Nam"
https://masothue.com/0106250673-cong-ty-tnhh-van-hanh-vincom-retail,0106250673,"Kinh doanh bất động sản, quyền sử dụng đất thuộc chủ sở hữu, chủ sử dụng hoặc đi thuê",CHI NHÁNH TẠI THÀNH PHỐ HỒ CHÍ MINH - CÔNG TY TNHH VẬN HÀNH VINCOM RETAIL,0106250673-021,VŨ MINH PHƯỢNG,"Tầng 20, L20A Vincom Center Đồng Khởi, 72 Lê Thánh Tôn và 45A Lý Tự Trọng, Phường Bến Nghé, Quận 1, Thành phố Hồ Chí Minh, Việt Nam"
https://masothue.com/0106250673-cong-ty-tnhh-van-hanh-vincom-retail,0106250673,"Kinh doanh bất động sản, quyền sử dụng đất thuộc chủ sở hữu, chủ sử dụng hoặc đi thuê",CHI NHÁNH TẠI THÀNH PHỐ CẦN THƠ - CÔNG TY TNHH VẬN HÀNH VINCOM RETAIL,0106250673-022,VŨ MINH PHƯỢNG,"Trung tâm thương mại Vincom Plaza, Số 209, Đường 30/4, Phường Xuân Khánh, Quận Ninh Kiều, Thành phố Cần Thơ, Việt Nam"
https://masothue.com/0106250673-cong-ty-tnhh-van-hanh-vincom-retail,0106250673,"Kinh doanh bất động sản, quyền sử dụng đất thuộc chủ sở hữu, chủ sử dụng hoặc đi thuê",CHI NHÁNH TẠI TỈNH AN GIANG - CÔNG TY TNHH VẬN HÀNH VINCOM RETAIL,0106250673-023,DƯƠNG HÀ MY,"Trung Tâm Thương Mại Vincom Long Xuyên – An Giang, Phường Mỹ Bình, Thành phố Long Xuyên , Tỉnh An Giang, Việt Nam"
https://masothue.com/0106250673-cong-ty-tnhh-van-hanh-vincom-retail,0106250673,"Kinh doanh bất động sản, quyền sử dụng đất thuộc chủ sở hữu, chủ sử dụng hoặc đi thuê",CHI NHÁNH TẠI THÀNH PHỐ ĐÀ NẴNG - CÔNG TY TNHH VẬN HÀNH VINCOM RETAIL,0106250673-024,VŨ MINH PHƯỢNG,"Vincom Plaza Ngô Quyền, Đà Nẵng, Số 910A Ngô Quyền, Phường An Hải Bắc, Quận Sơn Trà, Thành phố Đà Nẵng, Việt Nam"
https://masothue.com/0106250673-cong-ty-tnhh-van-hanh-vincom-retail,0106250673,"Kinh doanh bất động sản, quyền sử dụng đất thuộc chủ sở hữu, chủ sử dụng hoặc đi thuê",CHI NHÁNH TẠI TỈNH ĐẮK LẮK - CÔNG TY TNHH VẬN HÀNH VINCOM RETAIL,0106250673-025,VŨ MINH PHƯỢNG,"Số 78 Lý Thường Kiệt, Phường Thắng Lợi, TP.Buôn Ma Thuột, Tỉnh Đắk Lắk, Việt Nam"
https://masothue.com/0106250673-cong-ty-tnhh-van-hanh-vincom-retail,0106250673,"Kinh doanh bất động sản, quyền sử dụng đất thuộc chủ sở hữu, chủ sử dụng hoặc đi thuê",CHI NHÁNH TẠI TỈNH ĐỒNG NAI - CÔNG TY TNHH VẬN HÀNH VINCOM RETAIL,0106250673-026,VŨ MINH PHƯỢNG,"Số 1096, Đường Phạm Văn Thuận, KP 2, Phường Tân Mai, Thành phố Biên Hoà, Tỉnh Đồng Nai, Việt Nam"
https://masothue.com/0106250673-cong-ty-tnhh-van-hanh-vincom-retail,0106250673,"Kinh doanh bất động sản, quyền sử dụng đất thuộc chủ sở hữu, chủ sử dụng hoặc đi thuê",CHI NHÁNH TẠI TỈNH HẬU GIANG - CÔNG TY TNHH VẬN HÀNH VINCOM RETAIL,0106250673-027,VŨ MINH PHƯỢNG,"Số 1 Đường 3 tháng 2, Khu vực 3, Phường V, Thành phố Vị Thanh, Tỉnh Hậu Giang, Việt Nam"
https://masothue.com/0106250673-cong-ty-tnhh-van-hanh-vincom-retail,0106250673,"Kinh doanh bất động sản, quyền sử dụng đất thuộc chủ sở hữu, chủ sử dụng hoặc đi thuê",CHI NHÁNH TẠI TỈNH BẠC LIÊU - CÔNG TY TNHH VẬN HÀNH VINCOM RETAIL,0106250673-028,VŨ MINH PHƯỢNG,"Trung Tâm Thương Mại Vincom Bạc Liêu, Khóm 1, Phường 3, Thành phố Bạc Liêu, Tỉnh Bạc Liêu, Việt Nam"
https://masothue.com/0106333383-cong-ty-tnhh-kinh-doanh-bat-dong-san-vinhomes-1,0106333383,"Kinh doanh bất động sản, quyền sử dụng đất thuộc chủ sở hữu, chủ sử dụng hoặc đi thuê",CHI NHÁNH TẠI THÀNH PHỐ HỒ CHÍ MINH - CÔNG TY TNHH KINH DOANH BẤT ĐỘNG SẢN VINHOMES 1,0106333383-001,NGUYỄN DIỆU LINH,"Tầng 4, Tòa nhà Vincom Center Đồng Khởi, số 72 Lê Thánh Tôn, Phường Bến Nghé, Quận 1, Thành phố Hồ Chí Minh, Việt Nam"
https://masothue.com/0106404605-cong-ty-tnhh-thiet-ke-xay-dung-va-quan-ly-canh-quan-vinlandscape,0106404605,"Bán lẻ hàng may mặc, giày dép, hàng da và giả da trong các cửa hàng chuyên doanh",,,,
https://masothue.com/0106459932-cong-ty-tnhh-vinecom,0106459932,Bán lẻ theo yêu cầu đặt hàng qua bưu điện hoặc internet,CHI NHÁNH TẠI THÀNH PHỐ HỒ CHÍ MINH - CÔNG TY TNHH VINECOM,0106459932-001,HOÀNG BẠCH DƯƠNG,"Tầng 11, Tòa nhà Vincom Center Đồng Khởi, số 72 Lê Thánh Tôn, Phường Bến Nghé, Quận 1, Thành phố Hồ Chí Minh, Việt Nam"
https://masothue.com/0106603488-cong-ty-tnhh-quan-ly-xay-dung-vincom-2,0106603488,Xây dựng nhà các loại,,,,
https://masothue.com/0106629623-cong-ty-tnhh-kinh-doanh-dich-vu-tong-hop-vincom,0106629623,Xây dựng nhà các loại,VĂN PHÒNG ĐẠI DIỆN TẠI KIÊN GIANG - CÔNG TY TNHH KINH DOANH DỊCH VỤ TỔNG HỢP VINCOM,0106629623-001,PHẠM THỊ BÍCH THẢO,"Khu Bãi Dài, Xã Gành Dầu, Huyện Phú Quốc, Tỉnh Kiên Giang, Việt Nam"
https://masothue.com/0106629623-cong-ty-tnhh-kinh-doanh-dich-vu-tong-hop-vincom,0106629623,Xây dựng nhà các loại,VĂN PHÒNG ĐẠI DIỆN TẠI ĐÀ NẴNG - CÔNG TY TNHH KINH DOANH DỊCH VỤ TỔNG HỢP VINCOM,0106629623-002,LÊ ĐỊNH,"Số 7 - Đường Trường Sa, Phường Hoà Hải, Quận Ngũ Hành Sơn, Thành phố Đà Nẵng, Việt Nam"
https://masothue.com/0106629623-cong-ty-tnhh-kinh-doanh-dich-vu-tong-hop-vincom,0106629623,Xây dựng nhà các loại,VĂN PHÒNG ĐẠI DIỆN TẠI THÀNH PHỐ HỒ CHÍ MINH - CÔNG TY TNHH KINH DOANH DỊCH VỤ TỔNG HỢP VINCOM,0106629623-003,HOÀNG BẠCH DƯƠNG,"Tầng KT2, Trung tâm thương mại Vincom Center Đồng Khởi, Số 72 Đường Lê Thánh Tôn, Phường Bến Nghé, Quận 1, Thành phố Hồ Chí Minh, Việt Nam"
https://masothue.com/0106629623-cong-ty-tnhh-kinh-doanh-dich-vu-tong-hop-vincom,0106629623,Xây dựng nhà các loại,VĂN PHÒNG ĐẠI DIỆN TẠI KHÁNH HÒA - CÔNG TY TNHH KINH DOANH DỊCH VỤ TỔNG HỢP VINCOM,0106629623-004,HÀ THỊ KIM HỒNG,"Đảo Hòn Tre, Phường Vĩnh Nguyên, Thành phố Nha Trang, Tỉnh Khánh Hòa, Việt Nam"
https://masothue.com/0106629623-cong-ty-tnhh-kinh-doanh-dich-vu-tong-hop-vincom,0106629623,Xây dựng nhà các loại,CHI NHÁNH ALMAZ - CÔNG TY TNHH KINH DOANH DỊCH VỤ TỔNG HỢP VINCOM,0106629623-005,NGUYỄN VŨ QUỲNH ANH,"Đường Hoa Lan, Khu đô thị sinh thái Vinhomes Riverside, Phường Phúc Lợi, Quận Long Biên, Thành phố Hà Nội, Việt Nam"
https://masothue.com/0106629623-cong-ty-tnhh-kinh-doanh-dich-vu-tong-hop-vincom,0106629623,Xây dựng nhà các loại,CHI NHÁNH HẢI DƯƠNG - CÔNG TY TNHH KINH DOANH DỊCH VỤ TỔNG HỢP VINCOM,0106629623-006,LÊ THỊ DUYÊN,"Khu dân cư Nguyễn Trãi 1, PhườNg Sao Đỏ, Thành phố Chí Linh, Tỉnh Hải Dương, Việt Nam"
https://masothue.com/0106629623-cong-ty-tnhh-kinh-doanh-dich-vu-tong-hop-vincom,0106629623,Xây dựng nhà các loại,CHI NHÁNH TRÀ VINH - CÔNG TY TNHH KINH DOANH DỊCH VỤ TỔNG HỢP VINCOM,0106629623-007,PHẠM THỊ HUYỀN NGA,"Khóm 3, Phường 2, Thành phố Trà Vinh, Tỉnh Trà Vinh, Việt Nam"
https://masothue.com/0106629623-cong-ty-tnhh-kinh-doanh-dich-vu-tong-hop-vincom,0106629623,Xây dựng nhà các loại,CHI NHÁNH ĐỒNG NAI - CÔNG TY TNHH KINH DOANH DỊCH VỤ TỔNG HỢP VINCOM,0106629623-008,PHẠM THỊ HUYỀN NGA,"Số 251, Khu Phước Hải, đường Lê Duẩn, Thị Trấn Long Thành, Huyện Long Thành, Tỉnh Đồng Nai, Việt Nam"
https://masothue.com/0106629623-cong-ty-tnhh-kinh-doanh-dich-vu-tong-hop-vincom,0106629623,Xây dựng nhà các loại,CHI NHÁNH HẬU GIANG - CÔNG TY TNHH KINH DOANH DỊCH VỤ TỔNG HỢP VINCOM,0106629623-009,PHẠM THỊ HUYỀN NGA,"Số 01, đường 3 tháng 2, khu vực 3, Phường V, Thành phố Vị Thanh, Tỉnh Hậu Giang, Việt Nam"
https://masothue.com/0106629623-cong-ty-tnhh-kinh-doanh-dich-vu-tong-hop-vincom,0106629623,Xây dựng nhà các loại,CHI NHÁNH BẠC LIÊU - CÔNG TY TNHH KINH DOANH DỊCH VỤ TỔNG HỢP VINCOM,0106629623-010,PHẠM THỊ HUYỀN NGA,"Trung tâm thương mại Vincom Bạc Liêu, Phường 3, Thành phố Bạc Liêu, Tỉnh Bạc Liêu, Việt Nam"
https://masothue.com/0106629623-cong-ty-tnhh-kinh-doanh-dich-vu-tong-hop-vincom,0106629623,Xây dựng nhà các loại,CHI NHÁNH KHÁNH HÒA - CÔNG TY TNHH KINH DOANH DỊCH VỤ TỔNG HỢP VINCOM,0106629623-011,PHẠM THỊ HUYỀN NGA,"Đảo Hòn Tre, Phường Vĩnh Nguyên, Thành phố Nha Trang, Tỉnh Khánh Hòa, Việt Nam"
https://masothue.com/0106629623-cong-ty-tnhh-kinh-doanh-dich-vu-tong-hop-vincom,0106629623,Xây dựng nhà các loại,CHI NHÁNH THANH HÓA - CÔNG TY TNHH KINH DOANH DỊCH VỤ TỔNG HỢP VINCOM,0106629623-012,LÊ THỊ DUYÊN,"Lô 1, thôn Nam Yến, Xã Hải Yến, Thị xã Nghi Sơn, Tỉnh Thanh Hoá, Việt Nam"
https://masothue.com/0106629623-cong-ty-tnhh-kinh-doanh-dich-vu-tong-hop-vincom,0106629623,Xây dựng nhà các loại,CHI NHÁNH TẠI THÀNH PHỐ HỒ CHÍ MINH - CÔNG TY TNHH KINH DOANH DỊCH VỤ TỔNG HỢP VINCOM,0106629623-013,PHẠM THỊ HUYỀN NGA,"Vincom+ Khu đô thị Nam Long, số 71, đường Trần Trọng Cung, Phường Tân Thuận Đông, Quận 7, Thành phố Hồ Chí Minh, Việt Nam"
https://masothue.com/0106629623-cong-ty-tnhh-kinh-doanh-dich-vu-tong-hop-vincom,0106629623,Xây dựng nhà các loại,CHI NHÁNH CẦN THƠ - CÔNG TY TNHH KINH DOANH DỊCH VỤ TỔNG HỢP VINCOM,0106629623-014,PHẠM THỊ HUYỀN NGA,"Gian L4-09, Trung tâm thương mại Vincom Cần Thơ Xuân Khánh, số 209 đường 30/4, Phường Xuân Khánh, Quận Ninh Kiều, Thành phố Cần Thơ, Việt Nam"
https://masothue.com/0106629623-cong-ty-tnhh-kinh-doanh-dich-vu-tong-hop-vincom,0106629623,Xây dựng nhà các loại,CHI NHÁNH HÀ TĨNH - CÔNG TY TNHH KINH DOANH DỊCH VỤ TỔNG HỢP VINCOM,0106629623-015,NGUYỄN VŨ QUỲNH ANH,"Vincom+ Kỳ Anh, ngã ba Việt Lào, Phường Sông Trí, Thị xã Kỳ Anh, Tỉnh Hà Tĩnh, Việt Nam"
https://masothue.com/0106629623-cong-ty-tnhh-kinh-doanh-dich-vu-tong-hop-vincom,0106629623,Xây dựng nhà các loại,CHI NHÁNH QUẢNG NINH - CÔNG TY TNHH KINH DOANH DỊCH VỤ TỔNG HỢP VINCOM,0106629623-016,NGUYỄN VŨ QUỲNH ANH,"Tầng 1 Trung tâm thương mại Vincom+ Uông Bí, khu đô thị Yên Thanh, Phường Yên Thanh, Thành phố Uông Bí, Tỉnh Quảng Ninh, Việt Nam"
https://masothue.com/0106629623-cong-ty-tnhh-kinh-doanh-dich-vu-tong-hop-vincom,0106629623,Xây dựng nhà các loại,CHI NHÁNH KIÊN GIANG - CÔNG TY TNHH KINH DOANH DỊCH VỤ TỔNG HỢP VINCOM,0106629623-017,NGUYỄN VŨ QUỲNH ANH,"Tầng 1 -Vinpearl Phú Quốc Resort - Khu Bãi Dài, Xã Gành Dầu, Huyện Phú Quốc, Tỉnh Kiên Giang, Việt Nam"
https://masothue.com/0106629623-cong-ty-tnhh-kinh-doanh-dich-vu-tong-hop-vincom,0106629623,Xây dựng nhà các loại,CHI NHÁNH QUẢNG NAM - CÔNG TY TNHH KINH DOANH DỊCH VỤ TỔNG HỢP VINCOM,0106629623-018,TRẦN THỊ VÂN,"Đường ven biển 129, Xã Bình Minh, Huyện Thăng Bình, Tỉnh Quảng Nam, Việt Nam"
https://masothue.com/0106760924-cong-ty-tnhh-kinh-doanh-thuong-mai-va-dich-vu-vinds,0106760924,Bán lẻ khác trong các cửa hàng kinh doanh tổng hợp,CHI NHÁNH CÔNG TY TNHH KINH DOANH THƯƠNG MẠI VÀ DỊCH VỤ VINDS TẠI CẦN THƠ,0106760924-001,PHẠM THỊ HUYỀN NGA,"L1-01, Trung tâm thương mại VinCom Cần Thơ, số 02 Hùng Vương, Phường Thới Bình, Quận Ninh Kiều, Thành phố Cần Thơ, Việt Nam"
https://masothue.com/0106760924-cong-ty-tnhh-kinh-doanh-thuong-mai-va-dich-vu-vinds,0106760924,Bán lẻ khác trong các cửa hàng kinh doanh tổng hợp,CHI NHÁNH BIÊN HÒA - CÔNG TY TNHH KINH DOANH THƯƠNG MẠI VÀ DỊCH VỤ VINDS,0106760924-002,PHẠM THỊ HUYỀN NGA,"Tầng 1, TTTM Vincom Biên Hòa, số 1096, đường Phạm Văn Thuận, KP 2, Phường Tân Mai, Thành phố Biên Hoà, Tỉnh Đồng Nai, Việt Nam"
https://masothue.com/0106760924-cong-ty-tnhh-kinh-doanh-thuong-mai-va-dich-vu-vinds,0106760924,Bán lẻ khác trong các cửa hàng kinh doanh tổng hợp,CHI NHÁNH CÔNG TY TNHH KINH DOANH THƯƠNG MẠI VÀ DỊCH VỤ VINDS TẠI THÀNH PHỐ HỒ CHÍ MINH,0106760924-003,PHẠM THỊ HUYỀN NGA,"Số 72 Lê Thánh Tôn, Phường Bến Nghé, Quận 1, Thành phố Hồ Chí Minh, Việt Nam"
https://masothue.com/0106760924-cong-ty-tnhh-kinh-doanh-thuong-mai-va-dich-vu-vinds,0106760924,Bán lẻ khác trong các cửa hàng kinh doanh tổng hợp,CHI NHÁNH HẢI PHÒNG - CÔNG TY TNHH KINH DOANH THƯƠNG MẠI VÀ DỊCH VỤ VINDS,0106760924-004,LÊ THỊ DUYÊN,"Tầng 1, Trung tâm thương mại Vincom Lê Thánh Tông, Hải Phòng, số 1 Lê Thánh Tông, Phường Máy Tơ, Quận Ngô Quyền, Thành phố Hải Phòng, Việt Nam"
https://masothue.com/0106760924-cong-ty-tnhh-kinh-doanh-thuong-mai-va-dich-vu-vinds,0106760924,Bán lẻ khác trong các cửa hàng kinh doanh tổng hợp,CHI NHÁNH CÔNG TY TNHH KINH DOANH THƯƠNG MẠI VÀ DỊCH VỤ VINDS TẠI ĐÀ NẴNG,0106760924-005,LÊ THỊ DUYÊN,"Tầng 1, tòa nhà TTTM Vincom, số 910A Ngô Quyền, Phường An Hải Bắc, Quận Sơn Trà, Thành phố Đà Nẵng, Việt Nam"
https://masothue.com/0106760924-cong-ty-tnhh-kinh-doanh-thuong-mai-va-dich-vu-vinds,0106760924,Bán lẻ khác trong các cửa hàng kinh doanh tổng hợp,CHI NHÁNH HÀ NỘI - CÔNG TY TNHH KINH DOANH THƯƠNG MẠI VÀ DỊCH VỤ VINDS,0106760924-006,LÊ THỊ DUYÊN,"Tầng 3, tòa nhà Tower 1, TTTM Times City, 458 Minh Khai, Phường Vĩnh Tuy, Quận Hai Bà Trưng, Thành phố Hà Nội, Việt Nam"
https://masothue.com/0106760924-cong-ty-tnhh-kinh-doanh-thuong-mai-va-dich-vu-vinds,0106760924,Bán lẻ khác trong các cửa hàng kinh doanh tổng hợp,CHI NHÁNH PHÚ THỌ - CÔNG TY TNHH KINH DOANH THƯƠNG MẠI VÀ DỊCH VỤ VINDS,0106760924-007,LÊ THỊ DUYÊN,"Tầng 1, TTTM Vincom Việt Trì, Đường Hùng Vương, Phường Tiên Cát, Thành phố Việt Trì, Tỉnh Phú Thọ, Việt Nam"
https://masothue.com/0106760924-cong-ty-tnhh-kinh-doanh-thuong-mai-va-dich-vu-vinds,0106760924,Bán lẻ khác trong các cửa hàng kinh doanh tổng hợp,CHI NHÁNH CÔNG TY TNHH KINH DOANH THƯƠNG MẠI VÀ DỊCH VỤ VINDS TẠI AN GIANG,0106760924-008,PHẠM THỊ HUYỀN NGA,"Tầng 1, TTTM Vincom An Giang, Phường Mỹ Bình, Thành phố Long Xuyên , Tỉnh An Giang, Việt Nam"
https://masothue.com/0106760924-cong-ty-tnhh-kinh-doanh-thuong-mai-va-dich-vu-vinds,0106760924,Bán lẻ khác trong các cửa hàng kinh doanh tổng hợp,CHI NHÁNH THÁI BÌNH - CÔNG TY TNHH KINH DOANH THƯƠNG MẠI VÀ DỊCH VỤ VINDS,0106760924-009,LÊ THỊ DUYÊN,"Tầng 1, TTTM Vincom Lý Bôn, số 460, đường Lý Bôn, Phường Đề Thám, Thành phố Thái Bình, Tỉnh Thái Bình, Việt Nam"
https://masothue.com/0106760924-cong-ty-tnhh-kinh-doanh-thuong-mai-va-dich-vu-vinds,0106760924,Bán lẻ khác trong các cửa hàng kinh doanh tổng hợp,CHI NHÁNH BẠC LIÊU - CÔNG TY TNHH KINH DOANH THƯƠNG MẠI VÀ DỊCH VỤ VINDS,0106760924-010,PHẠM THỊ HUYỀN NGA,"Trung tâm Thương mại Vincom Bạc Liêu, Phường 3, Thành phố Bạc Liêu, Tỉnh Bạc Liêu, Việt Nam"
https://masothue.com/0106760924-cong-ty-tnhh-kinh-doanh-thuong-mai-va-dich-vu-vinds,0106760924,Bán lẻ khác trong các cửa hàng kinh doanh tổng hợp,CHI NHÁNH KHÁNH HÒA - CÔNG TY TNHH KINH DOANH THƯƠNG MẠI VÀ DỊCH VỤ VINDS,0106760924-011,PHẠM THỊ HUYỀN NGA,"Số 60 Thái Nguyên, Phường Phương Sài, Thành phố Nha Trang, Tỉnh Khánh Hòa, Việt Nam"
https://masothue.com/0106760924-cong-ty-tnhh-kinh-doanh-thuong-mai-va-dich-vu-vinds,0106760924,Bán lẻ khác trong các cửa hàng kinh doanh tổng hợp,CHI NHÁNH HẢI DƯƠNG - CÔNG TY TNHH KINH DOANH THƯƠNG MẠI VÀ DỊCH VỤ VINDS,0106760924-012,LÊ THỊ DUYÊN,"Khu dân cư Nguyễn Trãi 1, PhườNg Sao Đỏ, Thành phố Chí Linh, Tỉnh Hải Dương, Việt Nam"
https://masothue.com/0106760924-cong-ty-tnhh-kinh-doanh-thuong-mai-va-dich-vu-vinds,0106760924,Bán lẻ khác trong các cửa hàng kinh doanh tổng hợp,CHI NHÁNH TRÀ VINH - CÔNG TY TNHH KINH DOANH THƯƠNG MẠI VÀ DỊCH VỤ VINDS,0106760924-013,PHẠM THỊ HUYỀN NGA,"Khóm 3, Phường 2, Thành phố Trà Vinh, Tỉnh Trà Vinh, Việt Nam"
https://masothue.com/0106760924-cong-ty-tnhh-kinh-doanh-thuong-mai-va-dich-vu-vinds,0106760924,Bán lẻ khác trong các cửa hàng kinh doanh tổng hợp,CHI NHÁNH THANH HÓA - CÔNG TY TNHH KINH DOANH THƯƠNG MẠI VÀ DỊCH VỤ VINDS,0106760924-014,LÊ THỊ DUYÊN,"Vincom+ Tĩnh Gia, Lô 1, Thôn Nam Yến, Xã Hải Yến, Thị xã Nghi Sơn, Tỉnh Thanh Hoá, Việt Nam"
https://masothue.com/0106760924-cong-ty-tnhh-kinh-doanh-thuong-mai-va-dich-vu-vinds,0106760924,Bán lẻ khác trong các cửa hàng kinh doanh tổng hợp,CHI NHÁNH HẬU GIANG - CÔNG TY TNHH KINH DOANH THƯƠNG MẠI VÀ DỊCH VỤ VINDS,0106760924-015,PHẠM THỊ HUYỀN NGA,"TTTM Vincom Plaza Hậu Giang, Khu vực 3, Phường V, Thành phố Vị Thanh, Tỉnh Hậu Giang, Việt Nam"
https://masothue.com/0106827752-cong-ty-tnhh-dau-tu-san-xuat-phat-trien-nong-nghiep-wineco,0106827752,"Trồng rau, đậu các loại và trồng hoa, cây cảnh",CHI NHÁNH CÔNG TY TNHH ĐẦU TƯ SẢN XUẤT PHÁT TRIỂN NÔNG NGHIỆP WINECO TẠI TỈNH ĐỒNG NAI,0106827752-001,NGUYỄN BÍCH HÀ NGUYÊN,"Tổ 12, ấp 5, Xã Long Phước, Huyện Long Thành, Tỉnh Đồng Nai, Việt Nam"
https://masothue.com/0106827752-cong-ty-tnhh-dau-tu-san-xuat-phat-trien-nong-nghiep-wineco,0106827752,"Trồng rau, đậu các loại và trồng hoa, cây cảnh",CHI NHÁNH TẠI THÀNH PHỐ HỒ CHÍ MINH-CÔNG TY TNHH ĐẦU TƯ SẢN XUẤT PHÁT TRIỂN NÔNG NGHIỆP WINECO,0106827752-002,Nguyễn Thiều Nam,"Tầng 8, toà nhà MPlaza Saigon, số 39 Lê Duẩn, Phường Bến Nghé, Quận 1, Thành phố Hồ Chí Minh, Việt Nam"
https://masothue.com/0106827752-cong-ty-tnhh-dau-tu-san-xuat-phat-trien-nong-nghiep-wineco,0106827752,"Trồng rau, đậu các loại và trồng hoa, cây cảnh",CHI NHÁNH CÔNG TY TNHH ĐẦU TƯ SẢN XUẤT PHÁT TRIỂN NÔNG NGHIỆP WINECO TẠI TỈNH QUẢNG NINH,0106827752-003,NGUYỄN BÍCH HÀ NGUYÊN,"Khu Nông nghiệp ứng dụng công nghệ cao, Xã Hồng Thái Tây, Thị xã Đông Triều, Tỉnh Quảng Ninh, Việt Nam"
https://masothue.com/0106827752-cong-ty-tnhh-dau-tu-san-xuat-phat-trien-nong-nghiep-wineco,0106827752,"Trồng rau, đậu các loại và trồng hoa, cây cảnh",CHI NHÁNH CÔNG TY TNHH ĐẦU TƯ SẢN XUẤT PHÁT TRIỂN NÔNG NGHIỆP WINECO TẠI LÂM ĐỒNG,0106827752-004,HÀ LONG THÀNH,"Tiểu khu 121, Xã Đạ Nhim, Huyện Lạc Dương, Tỉnh Lâm Đồng, Việt Nam"
https://masothue.com/0106827752-cong-ty-tnhh-dau-tu-san-xuat-phat-trien-nong-nghiep-wineco,0106827752,"Trồng rau, đậu các loại và trồng hoa, cây cảnh",CHI NHÁNH CÔNG TY TNHH ĐẦU TƯ SẢN XUẤT PHÁT TRIỂN NÔNG NGHIỆP WINECO TẠI TỈNH NAM ĐỊNH,0106827752-005,NGUYỄN BÍCH HÀ NGUYÊN,"Thôn Hành Thiện, Xã Xuân Hồng, Huyện Xuân Trường, Tỉnh Nam Định, Việt Nam"
https://masothue.com/0106827752-cong-ty-tnhh-dau-tu-san-xuat-phat-trien-nong-nghiep-wineco,0106827752,"Trồng rau, đậu các loại và trồng hoa, cây cảnh",CHI NHÁNH CÔNG TY TNHH ĐẦU TƯ SẢN XUẤT PHÁT TRIỂN NÔNG NGHIỆP WINECO TẠI THÀNH PHỐ HẢI PHÒNG,0106827752-006,NGUYỄN BÍCH HÀ NGUYÊN,"Thôn Vinh Quang, Xã Tân Liên, Huyện Vĩnh Bảo, Thành phố Hải Phòng, Việt Nam"
https://masothue.com/0106827752-cong-ty-tnhh-dau-tu-san-xuat-phat-trien-nong-nghiep-wineco,0106827752,"Trồng rau, đậu các loại và trồng hoa, cây cảnh",CHI NHÁNH CÔNG TY TNHH ĐẦU TƯ SẢN XUẤT PHÁT TRIỂN NÔNG NGHIỆP VINECO TẠI TỈNH KIÊN GIANG,0106827752-007,NGÔ THỊ MINH NGUYỆT,"Khu du lịch Bãi Dài, Xã Gành Dầu, Huyện Phú Quốc, Tỉnh Kiên Giang, Việt Nam"
https://masothue.com/0106827752-cong-ty-tnhh-dau-tu-san-xuat-phat-trien-nong-nghiep-wineco,0106827752,"Trồng rau, đậu các loại và trồng hoa, cây cảnh",CHI NHÁNH CÔNG TY TNHH ĐẦU TƯ SẢN XUẤT PHÁT TRIỂN NÔNG NGHIỆP VINECO TẠI TỈNH KHÁNH HÒA,0106827752-008,TRẦN THỊ HOA XIM,"Đảo Hòn Tre, Phường Vĩnh Nguyên, Thành phố Nha Trang, Tỉnh Khánh Hòa, Việt Nam"
https://masothue.com/0106827752-cong-ty-tnhh-dau-tu-san-xuat-phat-trien-nong-nghiep-wineco,0106827752,"Trồng rau, đậu các loại và trồng hoa, cây cảnh",CHI NHÁNH CÔNG TY TNHH ĐẦU TƯ SẢN XUẤT PHÁT TRIỂN NÔNG NGHIỆP WINECO TẠI TỈNH HÀ NAM,0106827752-009,NGUYỄN BÍCH HÀ NGUYÊN,"Xóm 4, Xã Xuân Khê, Huyện Lý Nhân, Tỉnh Hà Nam, Việt Nam"
https://masothue.com/0106827752-cong-ty-tnhh-dau-tu-san-xuat-phat-trien-nong-nghiep-wineco,0106827752,"Trồng rau, đậu các loại và trồng hoa, cây cảnh",CHI NHÁNH CÔNG TY TNHH ĐẦU TƯ SẢN XUẤT PHÁT TRIỂN NÔNG NGHIỆP WINECO TẠI TỈNH QUẢNG NAM,0106827752-010,NGÔ THỊ MINH NGUYỆT,"Thôn Tân An, Xã Bình Minh, Huyện Thăng Bình, Tỉnh Quảng Nam, Việt Nam"
https://masothue.com/0106827752-cong-ty-tnhh-dau-tu-san-xuat-phat-trien-nong-nghiep-wineco,0106827752,"Trồng rau, đậu các loại và trồng hoa, cây cảnh",CHI NHÁNH TẠI TỈNH KON TUM - CÔNG TY TNHH ĐẦU TƯ SẢN XUẤT PHÁT TRIỂN NÔNG NGHIỆP WINECO,0106827752-011,NGÔ THỊ MINH NGUYỆT,"Thôn Kon Tu Rằng, Xã Măng Cành, Huyện Kon Plông, Tỉnh Kon Tum, Việt Nam"
https://masothue.com/0108166836-cong-ty-tnhh-kinh-doanh-va-phat-trien-do-thi-nam-ha-noi,0108166836,"Kinh doanh bất động sản, quyền sử dụng đất thuộc chủ sở hữu, chủ sử dụng hoặc đi thuê",,,,
https://masothue.com/0109872993-cong-ty-tnhh-world-academy,0109872993,Giáo dục tiểu học,,,,
https://masothue.com/0312608890-cong-ty-tnhh-dau-tu-phat-trien-do-thi-ngoc-vien-dong,0312608890,"Kinh doanh bất động sản, quyền sử dụng đất thuộc chủ sở hữu, chủ sử dụng hoặc đi thuê",,,,
https://masothue.com/0313085234-cong-ty-tnhh-thuong-mai-va-dich-vu-vinpro,0313085234,Bán lẻ thiết bị nghe nhìn trong các cửa hàng chuyên doanh,CHI NHÁNH CÔNG TY TNHH THƯƠNG MẠI VÀ DỊCH VỤ VINPRO TẠI HÀ NỘI,0313085234-001,NGHIÊM DUY HẢI,"Số 7, đường Bằng Lăng 1, KĐT Sinh thái Vinhomes Riverside, Phường Việt Hưng, Quận Long Biên, Thành phố Hà Nội, Việt Nam"
https://masothue.com/0313085234-cong-ty-tnhh-thuong-mai-va-dich-vu-vinpro,0313085234,Bán lẻ thiết bị nghe nhìn trong các cửa hàng chuyên doanh,CHI NHÁNH CÔNG TY TNHH THƯƠNG MẠI VÀ DỊCH VỤ VINPRO TẠI ĐÀ NẴNG,0313085234-002,VÕ MINH CÔNG THIỆN,"Khu vực An Nhơn 2, Đường Ngô Quyền, Phường An Hải Bắc, Quận Sơn Trà, Thành phố Đà Nẵng, Việt Nam"
https://masothue.com/0313085234-cong-ty-tnhh-thuong-mai-va-dich-vu-vinpro,0313085234,Bán lẻ thiết bị nghe nhìn trong các cửa hàng chuyên doanh,CHI NHÁNH CÔNG TY TNHH THƯƠNG MẠI VÀ DỊCH VỤ VINPRO TẠI BÌNH ĐỊNH,0313085234-003,VÕ MINH CÔNG THIỆN,"Số 502 đường Trần Hưng Đạo, Phường Trần Hưng Đạo, Thành phố Quy Nhơn, Tỉnh Bình Định, Việt Nam"
https://masothue.com/0313085234-cong-ty-tnhh-thuong-mai-va-dich-vu-vinpro,0313085234,Bán lẻ thiết bị nghe nhìn trong các cửa hàng chuyên doanh,CHI NHÁNH CÔNG TY TNHH THƯƠNG MẠI VÀ DỊCH VỤ VINPRO TẠI QUẢNG NINH,0313085234-004,NGHIÊM DUY HẢI,"L1-07, Tầng 1 TTTM Vincom Center Hạ Long, Khu Cột Đồng Hồ, Phường Bạch Đằng, Thành phố Hạ Long, Tỉnh Quảng Ninh, Việt Nam"
https://masothue.com/0313085234-cong-ty-tnhh-thuong-mai-va-dich-vu-vinpro,0313085234,Bán lẻ thiết bị nghe nhìn trong các cửa hàng chuyên doanh,CHI NHÁNH CÔNG TY TNHH THƯƠNG MẠI VÀ DỊCH VỤ VINPRO TẠI LÂM ĐỒNG,0313085234-005,VÕ MINH CÔNG THIỆN,"256 - 258 Phan Đình Phùng, Phường 2, Thành phố Đà Lạt, Tỉnh Lâm Đồng, Việt Nam"
https://masothue.com/0313085234-cong-ty-tnhh-thuong-mai-va-dich-vu-vinpro,0313085234,Bán lẻ thiết bị nghe nhìn trong các cửa hàng chuyên doanh,CHI NHÁNH CÔNG TY TNHH THƯƠNG MẠI VÀ DỊCH VỤ VINPRO TẠI HÀ NAM,0313085234-006,NGHIÊM DUY HẢI,"Toàn nhà PARTS TOWER, trung tâm thương mại và dịch vụ Đông Đáy, Phường Hai Bà Trưng, Thành phố Phủ Lý, Tỉnh Hà Nam, Việt Nam"
https://masothue.com/0313085234-cong-ty-tnhh-thuong-mai-va-dich-vu-vinpro,0313085234,Bán lẻ thiết bị nghe nhìn trong các cửa hàng chuyên doanh,CHI NHÁNH CÔNG TY TNHH THƯƠNG MẠI VÀ DỊCH VỤ VINPRO TẠI BÌNH DƯƠNG,0313085234-007,NGUYỄN THU HỒNG,"Số 1A/20A, Khu phố Thống Nhất 1, Phường Dĩ An, Thành phố Dĩ An, Tỉnh Bình Dương, Việt Nam"
https://masothue.com/0313085234-cong-ty-tnhh-thuong-mai-va-dich-vu-vinpro,0313085234,Bán lẻ thiết bị nghe nhìn trong các cửa hàng chuyên doanh,CHI NHÁNH CÔNG TY TNHH THƯƠNG MẠI VÀ DỊCH VỤ VINPRO TẠI TIỀN GIANG,0313085234-008,NGUYỄN THỊ NGỌC ANH,"Số 313 Khu phố 6, Ấp Bắc, Phường 5, Thành phố Mỹ Tho, Tỉnh Tiền Giang, Việt Nam"
https://masothue.com/0313085234-cong-ty-tnhh-thuong-mai-va-dich-vu-vinpro,0313085234,Bán lẻ thiết bị nghe nhìn trong các cửa hàng chuyên doanh,CHI NHÁNH CÔNG TY TNHH THƯƠNG MẠI VÀ DỊCH VỤ VINPRO TẠI LONG AN,0313085234-009,NGUYỄN THU HỒNG,"131 Quốc lộ 1, Phường 2, Thành phố Tân An, Tỉnh Long An, Việt Nam"
https://masothue.com/0313085234-cong-ty-tnhh-thuong-mai-va-dich-vu-vinpro,0313085234,Bán lẻ thiết bị nghe nhìn trong các cửa hàng chuyên doanh,CHI NHÁNH CÔNG TY TNHH THƯƠNG MẠI VÀ DỊCH VỤ VINPRO TẠI THÁI BÌNH,0313085234-010,NGHIÊM DUY HẢI,"Số nhà 297, đường Lý Bôn, Phường Tiền Phong, Thành phố Thái Bình, Tỉnh Thái Bình, Việt Nam"
https://masothue.com/0313085234-cong-ty-tnhh-thuong-mai-va-dich-vu-vinpro,0313085234,Bán lẻ thiết bị nghe nhìn trong các cửa hàng chuyên doanh,CHI NHÁNH CÔNG TY TNHH THƯƠNG MẠI VÀ DỊCH VỤ VINPRO TẠI CẦN THƠ,0313085234-011,NGUYỄN THỊ NGỌC ANH,"Trung tâm thương mại Vincom thành phố Cần Thơ, L3-01, số 02 Hùng Vương , Phường Thới Bình, Quận Ninh Kiều, Thành phố Cần Thơ, Việt Nam"
https://masothue.com/0313085234-cong-ty-tnhh-thuong-mai-va-dich-vu-vinpro,0313085234,Bán lẻ thiết bị nghe nhìn trong các cửa hàng chuyên doanh,CHI NHÁNH CÔNG TY TNHH THƯƠNG MẠI VÀ DỊCH VỤ VINPRO TẠI ĐẮK LẮK,0313085234-012,VÕ MINH CÔNG THIỆN,"Số 2-4 Ngô Quyền, Phường Thắng Lợi, TP.Buôn Ma Thuột, Tỉnh Đắk Lắk, Việt Nam"
https://masothue.com/0313085234-cong-ty-tnhh-thuong-mai-va-dich-vu-vinpro,0313085234,Bán lẻ thiết bị nghe nhìn trong các cửa hàng chuyên doanh,CHI NHÁNH CÔNG TY TNHH THƯƠNG MẠI VÀ DỊCH VỤ VINPRO TẠI ĐỒNG NAI,0313085234-013,NGUYỄN THU HỒNG,"Tầng L3 - TTTM Vincom Biên Hòa, Số 1096 Phạm Văn Thuận, KP 2, Phường Tân Mai, Thành phố Biên Hoà, Tỉnh Đồng Nai, Việt Nam"
https://masothue.com/0313085234-cong-ty-tnhh-thuong-mai-va-dich-vu-vinpro,0313085234,Bán lẻ thiết bị nghe nhìn trong các cửa hàng chuyên doanh,CHI NHÁNH CÔNG TY TNHH THƯƠNG MẠI VÀ DỊCH VỤ VINPRO TẠI GIA LAI,0313085234-014,VÕ MINH CÔNG THIỆN,"125 Trần Phú, Phường Diên Hồng, Thành phố Pleiku, Tỉnh Gia Lai, Việt Nam"
https://masothue.com/0313085234-cong-ty-tnhh-thuong-mai-va-dich-vu-vinpro,0313085234,Bán lẻ thiết bị nghe nhìn trong các cửa hàng chuyên doanh,CHI NHÁNH CÔNG TY TNHH THƯƠNG MẠI VÀ DỊCH VỤ VINPRO TẠI AN GIANG,0313085234-015,NGUYỄN THU HỒNG,"Tầng L3, Trung tâm thương mại Vincom An Giang, Phường Mỹ Bình, Thành phố Long Xuyên , Tỉnh An Giang, Việt Nam"
https://masothue.com/0313085234-cong-ty-tnhh-thuong-mai-va-dich-vu-vinpro,0313085234,Bán lẻ thiết bị nghe nhìn trong các cửa hàng chuyên doanh,CHI NHÁNH CÔNG TY TNHH THƯƠNG MẠI VÀ DỊCH VỤ VINPRO TẠI HUẾ,0313085234-016,VÕ MINH CÔNG THIỆN,"42 Nguyễn Tri Phương, Phường Phú Hội, Thành phố Huế, Tỉnh Thừa Thiên Huế, Việt Nam"
https://masothue.com/0313085234-cong-ty-tnhh-thuong-mai-va-dich-vu-vinpro,0313085234,Bán lẻ thiết bị nghe nhìn trong các cửa hàng chuyên doanh,CHI NHÁNH CÔNG TY TNHH THƯƠNG MẠI VÀ DỊCH VỤ VINPRO TẠI PHÚ YÊN,0313085234-017,VÕ MINH CÔNG THIỆN,"Số 206 Trần Hưng Đạo, Phường 4, TP Tuy Hoà, Tỉnh Phú Yên, Việt Nam"
https://masothue.com/0313085234-cong-ty-tnhh-thuong-mai-va-dich-vu-vinpro,0313085234,Bán lẻ thiết bị nghe nhìn trong các cửa hàng chuyên doanh,CHI NHÁNH CÔNG TY TNHH THƯƠNG MẠI VÀ DỊCH VỤ VINPRO TẠI KHÁNH HÒA,0313085234-018,VÕ MINH CÔNG THIỆN,"236 Thống Nhất, Phường Phương Sơn, Thành phố Nha Trang, Tỉnh Khánh Hòa, Việt Nam"
https://masothue.com/0313085234-cong-ty-tnhh-thuong-mai-va-dich-vu-vinpro,0313085234,Bán lẻ thiết bị nghe nhìn trong các cửa hàng chuyên doanh,CHI NHÁNH CÔNG TY TNHH THƯƠNG MẠI VÀ DỊCH VỤ VINPRO TẠI QUẢNG NGÃI,0313085234-019,VÕ MINH CÔNG THIỆN,"Số: 725 Quang Trung, Phường Nghĩa Chánh, Thành phố Quảng Ngãi, Tỉnh Quảng Ngãi, Việt Nam"
https://masothue.com/0313085234-cong-ty-tnhh-thuong-mai-va-dich-vu-vinpro,0313085234,Bán lẻ thiết bị nghe nhìn trong các cửa hàng chuyên doanh,CHI NHÁNH CÔNG TY TNHH THƯƠNG MẠI VÀ DỊCH VỤ VINPRO TẠI HẢI PHÒNG,0313085234-020,NGHIÊM DUY HẢI,"L3-01 TTTM Vincom Hải Phòng, số 5 Lê Thánh Tông, Phường Máy Tơ, Quận Ngô Quyền, Thành phố Hải Phòng, Việt Nam"
https://masothue.com/0313085234-cong-ty-tnhh-thuong-mai-va-dich-vu-vinpro,0313085234,Bán lẻ thiết bị nghe nhìn trong các cửa hàng chuyên doanh,CHI NHÁNH CÔNG TY TNHH THƯƠNG MẠI VÀ DỊCH VỤ VINPRO TẠI KON TUM,0313085234-021,VÕ MINH CÔNG THIỆN,"Số nhà 297, Đường Trần Hưng Đạo, Phường Quyết Thắng, Thành phố Kon Tum, Tỉnh Kon Tum, Việt Nam"
https://masothue.com/0313085234-cong-ty-tnhh-thuong-mai-va-dich-vu-vinpro,0313085234,Bán lẻ thiết bị nghe nhìn trong các cửa hàng chuyên doanh,CHI NHÁNH CÔNG TY TNHH THƯƠNG MẠI VÀ DỊCH VỤ VINPRO TẠI BẮC NINH,0313085234-022,NGHIÊM DUY HẢI,"Số 185 Minh Khai, Phường Đông Ngàn, Thị xã Từ Sơn, Tỉnh Bắc Ninh, Việt Nam"
https://masothue.com/0313085234-cong-ty-tnhh-thuong-mai-va-dich-vu-vinpro,0313085234,Bán lẻ thiết bị nghe nhìn trong các cửa hàng chuyên doanh,CHI NHÁNH CÔNG TY TNHH THƯƠNG MẠI VÀ DỊCH VỤ VINPRO TẠI LẠNG SƠN,0313085234-023,NGHIÊM DUY HẢI,"Số 39, đường Trần Đăng Ninh, Phường Tam Thanh, Thành phố Lạng Sơn, Tỉnh Lạng Sơn, Việt Nam"
https://masothue.com/0313085234-cong-ty-tnhh-thuong-mai-va-dich-vu-vinpro,0313085234,Bán lẻ thiết bị nghe nhìn trong các cửa hàng chuyên doanh,CHI NHÁNH CÔNG TY TNHH THƯƠNG MẠI VÀ DỊCH VỤ VINPRO TẠI VĨNH PHÚC,0313085234-024,NGHIÊM DUY HẢI,"Số 138-140, Đường Mê Linh, Phường Đống Đa, Thành phố Vĩnh Yên, Tỉnh Vĩnh Phúc, Việt Nam"
https://masothue.com/0313085234-cong-ty-tnhh-thuong-mai-va-dich-vu-vinpro,0313085234,Bán lẻ thiết bị nghe nhìn trong các cửa hàng chuyên doanh,CHI NHÁNH CÔNG TY TNHH THƯƠNG MẠI VÀ DỊCH VỤ VINPRO TẠI TUYÊN QUANG,0313085234-025,NGHIÊM DUY HẢI,"Số nhà 113, đường Bình Thuận, tổ 29, Phường Tân Quang, Thành phố Tuyên Quang, Tỉnh Tuyên Quang, Việt Nam"
https://masothue.com/0313085234-cong-ty-tnhh-thuong-mai-va-dich-vu-vinpro,0313085234,Bán lẻ thiết bị nghe nhìn trong các cửa hàng chuyên doanh,CHI NHÁNH CÔNG TY TNHH THƯƠNG MẠI VÀ DỊCH VỤ VINPRO TẠI THANH HÓA,0313085234-026,NGHIÊM DUY HẢI,"Số 197 Lê Hoàn, Phường Lam Sơn, Thành phố Thanh Hoá, Tỉnh Thanh Hoá, Việt Nam"
https://masothue.com/0313085234-cong-ty-tnhh-thuong-mai-va-dich-vu-vinpro,0313085234,Bán lẻ thiết bị nghe nhìn trong các cửa hàng chuyên doanh,CHI NHÁNH CÔNG TY TNHH THƯƠNG MẠI VÀ DỊCH VỤ VINPRO TẠI YÊN BÁI,0313085234-027,NGHIÊM DUY HẢI,"Số 165, Đại Lộ Nguyễn Thái Học, Phường Nguyễn Thái Học, Thành phố Yên Bái, Tỉnh Yên Bái, Việt Nam"
https://masothue.com/0313085234-cong-ty-tnhh-thuong-mai-va-dich-vu-vinpro,0313085234,Bán lẻ thiết bị nghe nhìn trong các cửa hàng chuyên doanh,CHI NHÁNH CÔNG TY TNHH THƯƠNG MẠI VÀ DỊCH VỤ VINPRO TẠI QUẢNG NAM,0313085234-028,VÕ MINH CÔNG THIỆN,"542-544 Phan Châu Trinh, khu phố Bàn Thạch, Phường Hòa Hương, Thành phố Tam Kỳ, Tỉnh Quảng Nam, Việt Nam"
https://masothue.com/0313085234-cong-ty-tnhh-thuong-mai-va-dich-vu-vinpro,0313085234,Bán lẻ thiết bị nghe nhìn trong các cửa hàng chuyên doanh,CHI NHÁNH CÔNG TY TNHH THƯƠNG MẠI VÀ DỊCH VỤ VINPRO TẠI HÀ TĨNH,0313085234-029,NGHIÊM DUY HẢI,"Số nhà 165 đường Trần Phú, Phường Trần Phú, Thành phố Hà Tĩnh, Tỉnh Hà Tĩnh, Việt Nam"
https://masothue.com/0313085234-cong-ty-tnhh-thuong-mai-va-dich-vu-vinpro,0313085234,Bán lẻ thiết bị nghe nhìn trong các cửa hàng chuyên doanh,CHI NHÁNH CÔNG TY TNHH THƯƠNG MẠI VÀ DỊCH VỤ VINPRO TẠI BẮC GIANG,0313085234-030,NGHIÊM DUY HẢI,"Số 1, đường Nguyễn Văn Cừ, Phường Trần Phú, Thành phố Bắc Giang, Tỉnh Bắc Giang, Việt Nam"
https://masothue.com/0313085234-cong-ty-tnhh-thuong-mai-va-dich-vu-vinpro,0313085234,Bán lẻ thiết bị nghe nhìn trong các cửa hàng chuyên doanh,CHI NHÁNH CÔNG TY TNHH THƯƠNG MẠI VÀ DỊCH VỤ VINPRO TẠI NGHỆ AN,0313085234-031,NGHIÊM DUY HẢI,"Số 28, đường Lê Lợi, Phường Hưng Bình, Thành phố Vinh, Tỉnh Nghệ An, Việt Nam"
https://masothue.com/0313085234-cong-ty-tnhh-thuong-mai-va-dich-vu-vinpro,0313085234,Bán lẻ thiết bị nghe nhìn trong các cửa hàng chuyên doanh,CHI NHÁNH CÔNG TY TNHH THƯƠNG MẠI VÀ DỊCH VỤ VINPRO TẠI HẬU GIANG,0313085234-032,NGUYỄN THU HỒNG,"Số 15-17-21 Nguyễn Thái Học, khu vực 2, Phường I, Thành phố Vị Thanh, Tỉnh Hậu Giang, Việt Nam"
https://masothue.com/0313085234-cong-ty-tnhh-thuong-mai-va-dich-vu-vinpro,0313085234,Bán lẻ thiết bị nghe nhìn trong các cửa hàng chuyên doanh,CHI NHÁNH CÔNG TY TNHH THƯƠNG MẠI VÀ DỊCH VỤ VINPRO TẠI CÀ MAU,0313085234-033,NGUYỄN THU HỒNG,"Số 155A, Nguyễn Tất Thành, Khóm 1, Phường 8, Thành phố Cà Mau, Tỉnh Cà Mau, Việt Nam"
https://masothue.com/0313085234-cong-ty-tnhh-thuong-mai-va-dich-vu-vinpro,0313085234,Bán lẻ thiết bị nghe nhìn trong các cửa hàng chuyên doanh,CHI NHÁNH CÔNG TY TNHH THƯƠNG MẠI VÀ DỊCH VỤ VINPRO TẠI ĐỒNG THÁP,0313085234-034,NGUYỄN THU HỒNG,"68, Lý Thường Kiệt, khóm 1, Phường 2, Thành phố Sa Đéc, Tỉnh Đồng Tháp, Việt Nam"
https://masothue.com/0313085234-cong-ty-tnhh-thuong-mai-va-dich-vu-vinpro,0313085234,Bán lẻ thiết bị nghe nhìn trong các cửa hàng chuyên doanh,CHI NHÁNH CÔNG TY TNHH THƯƠNG MẠI VÀ DỊCH VỤ VINPRO TẠI VĨNH LONG,0313085234-035,NGUYỄN THU HỒNG,"Số 102 đường Trưng Nữ Vương, Phường 1, Thành phố Vĩnh Long, Tỉnh Vĩnh Long, Việt Nam"
https://masothue.com/0313085234-cong-ty-tnhh-thuong-mai-va-dich-vu-vinpro,0313085234,Bán lẻ thiết bị nghe nhìn trong các cửa hàng chuyên doanh,CHI NHÁNH CÔNG TY TNHH THƯƠNG MẠI VÀ DỊCH VỤ VINPRO TẠI PHÚ THỌ,0313085234-036,NGHIÊM DUY HẢI,"L3-01 TTTM VINCOM VIỆT TRÌ, Đường Hùng Vương, Phường Tiên Cát, Thành phố Việt Trì, Tỉnh Phú Thọ, Việt Nam"
https://masothue.com/0313085234-cong-ty-tnhh-thuong-mai-va-dich-vu-vinpro,0313085234,Bán lẻ thiết bị nghe nhìn trong các cửa hàng chuyên doanh,CHI NHÁNH CÔNG TY TNHH THƯƠNG MẠI VÀ DỊCH VỤ VINPRO TẠI HÒA BÌNH,0313085234-037,NGHIÊM DUY HẢI,"Số 355, đường Cù Chính Lan, Phường Đồng Tiến, Thành phố Hoà Bình, Tỉnh Hòa Bình, Việt Nam"
https://masothue.com/0313085234-cong-ty-tnhh-thuong-mai-va-dich-vu-vinpro,0313085234,Bán lẻ thiết bị nghe nhìn trong các cửa hàng chuyên doanh,CHI NHÁNH CÔNG TY TNHH THƯƠNG MẠI VÀ DỊCH VỤ VINPRO TẠI BÀ RỊA - VŨNG TÀU,0313085234-038,NGUYỄN THU HỒNG,"Số 467 đường 30/4, Phường Rạch Dừa, Thành phố Vũng Tàu, Tỉnh Bà Rịa - Vũng Tàu, Việt Nam"
https://masothue.com/0313085234-cong-ty-tnhh-thuong-mai-va-dich-vu-vinpro,0313085234,Bán lẻ thiết bị nghe nhìn trong các cửa hàng chuyên doanh,CHI NHÁNH CÔNG TY TNHH THƯƠNG MẠI VÀ DỊCH VỤ VINPRO TẠI NINH THUẬN,0313085234-039,NGUYỄN THU HỒNG,"Số 330 - 332 Thống Nhất, Phường Phủ Hà, TP. Phan Rang-Tháp Chàm, Tỉnh Ninh Thuận, Việt Nam"
https://masothue.com/0313085234-cong-ty-tnhh-thuong-mai-va-dich-vu-vinpro,0313085234,Bán lẻ thiết bị nghe nhìn trong các cửa hàng chuyên doanh,CHI NHÁNH CÔNG TY TNHH THƯƠNG MẠI VÀ DỊCH VỤ VINPRO TẠI THÁI NGUYÊN,0313085234-040,NGHIÊM DUY HẢI,"Số 670, Tổ Dân phố 4, Phường Ba Hàng, Thị xã Phổ Yên, Tỉnh Thái Nguyên, Việt Nam"
https://masothue.com/0313085234-cong-ty-tnhh-thuong-mai-va-dich-vu-vinpro,0313085234,Bán lẻ thiết bị nghe nhìn trong các cửa hàng chuyên doanh,CHI NHÁNH CÔNG TY TNHH THƯƠNG MẠI VÀ DỊCH VỤ VINPRO TẠI BÌNH THUẬN,0313085234-041,NGUYỄN THU HỒNG,"153 Tôn Đức Thắng , Phường Phú Thủy, Thành phố Phan Thiết, Tỉnh Bình Thuận, Việt Nam"
https://masothue.com/0313085234-cong-ty-tnhh-thuong-mai-va-dich-vu-vinpro,0313085234,Bán lẻ thiết bị nghe nhìn trong các cửa hàng chuyên doanh,CHI NHÁNH CÔNG TY TNHH THƯƠNG MẠI VÀ DỊCH VỤ VINPRO TẠI TÂY NINH,0313085234-042,NGUYỄN THU HỒNG,"Số 1089-1091 Cách Mạng Tháng Tám, khu phố Hiệp Bình, Phường Hiệp Ninh, Thành phố Tây Ninh, Tỉnh Tây Ninh, Việt Nam"
https://masothue.com/0313085234-cong-ty-tnhh-thuong-mai-va-dich-vu-vinpro,0313085234,Bán lẻ thiết bị nghe nhìn trong các cửa hàng chuyên doanh,CHI NHÁNH CÔNG TY TNHH THƯƠNG MẠI VÀ DỊCH VỤ VINPRO TẠI QUẢNG BÌNH,0313085234-043,NGHIÊM DUY HẢI,"41 Trần Hưng Đạo, Phường Đồng Phú, Thành phố Đồng Hới, Tỉnh Quảng Bình, Việt Nam"
https://masothue.com/0313085234-cong-ty-tnhh-thuong-mai-va-dich-vu-vinpro,0313085234,Bán lẻ thiết bị nghe nhìn trong các cửa hàng chuyên doanh,CHI NHÁNH CÔNG TY TNHH THƯƠNG MẠI VÀ DỊCH VỤ VINPRO TẠI NINH BÌNH,0313085234-044,NGHIÊM DUY HẢI,"Số 173, Đinh Tiên Hoàng, Phường Đông Thành, Thành phố Ninh Bình, Tỉnh Ninh Bình, Việt Nam"
https://masothue.com/0313085234-cong-ty-tnhh-thuong-mai-va-dich-vu-vinpro,0313085234,Bán lẻ thiết bị nghe nhìn trong các cửa hàng chuyên doanh,CHI NHÁNH CÔNG TY TNHH THƯƠNG MẠI VÀ DỊCH VỤ VINPRO TẠI BẠC LIÊU,0313085234-045,NGUYỄN THU HỒNG,"Số 126, đường Trần Phú, Khóm 5, Phường 7, Thành phố Bạc Liêu, Tỉnh Bạc Liêu, Việt Nam"
https://masothue.com/0315244218-cong-ty-tnhh-kinh-doanh-va-phat-trien-thuong-mai-an-phat,0315244218,"Kinh doanh bất động sản, quyền sử dụng đất thuộc chủ sở hữu, chủ sử dụng hoặc đi thuê",,,,
https://masothue.com/4201583817-cong-ty-co-phan-vinpearlland,4201583817,Hoạt động của các công viên vui chơi và công viên theo chủ đề,CHI NHÁNH TẠI THÀNH PHỐ HÀ NỘI - CÔNG TY CỔ PHẦN VINPEARLLAND,4201583817-001,NGUYỄN THỊ THU HÀ,"Số 458 phố Minh Khai, Phường Vĩnh Tuy, Quận Hai Bà Trưng, Thành phố Hà Nội, Việt Nam"
https://masothue.com/4201583817-cong-ty-co-phan-vinpearlland,4201583817,Hoạt động của các công viên vui chơi và công viên theo chủ đề,CHI NHÁNH TẠI PHÚ QUỐC - CÔNG TY CỔ PHẦN VINPEARLLAND,4201583817-002,LƯU CHÍ HIẾU,"Khu Bãi Dài, Xã Gành Dầu, Huyện Phú Quốc, Tỉnh Kiên Giang, Việt Nam"
https://masothue.com/4201583817-cong-ty-co-phan-vinpearlland,4201583817,Hoạt động của các công viên vui chơi và công viên theo chủ đề,CHI NHÁNH TẠI HẠ LONG - CÔNG TY TNHH VINPEARLLAND,4201583817-003,LÃ THỊ BÍCH THỦY,"Tổ 105, khu 6, Phường Bạch Đằng, Thành phố Hạ Long, Tỉnh Quảng Ninh, Việt Nam"
https://masothue.com/4201583817-cong-ty-co-phan-vinpearlland,4201583817,Hoạt động của các công viên vui chơi và công viên theo chủ đề,CHI NHÁNH TẠI THÀNH PHỐ ĐÀ NẴNG - CÔNG TY TNHH VINPEARLLAND,4201583817-004,NGUYỄN THỊ NGUYỆT,"910 A đường ngô Quyền, Phường An Hải Bắc, Quận Sơn Trà, Thành phố Đà Nẵng, Việt Nam"
https://masothue.com/4201583817-cong-ty-co-phan-vinpearlland,4201583817,Hoạt động của các công viên vui chơi và công viên theo chủ đề,CHI NHÁNH TẠI THÀNH PHỐ CẦN THƠ - CÔNG TY TNHH VINPEARLLAND,4201583817-005,NGUYỄN THỊ NGUYỆT,"L5-04, Trung tâm thương mại VinCom, số 02 Hùng Vương, Phường Thới Bình, Quận Ninh Kiều, Thành phố Cần Thơ, Việt Nam"
https://masothue.com/4201583817-cong-ty-co-phan-vinpearlland,4201583817,Hoạt động của các công viên vui chơi và công viên theo chủ đề,CHI NHÁNH TẠI ĐỒNG NAI - CÔNG TY TNHH VINPEARLLAND,4201583817-006,NGUYỄN THỊ NGUYỆT,"L5-08, Trung tâm thương mại Vincom, 1096, Phạm Văn Thuận, KP 2, Phường Tân Mai, Thành phố Biên Hoà, Tỉnh Đồng Nai, Việt Nam"
https://masothue.com/4201583817-cong-ty-co-phan-vinpearlland,4201583817,Hoạt động của các công viên vui chơi và công viên theo chủ đề,CHI NHÁNH TẠI THÀNH PHỐ HỒ CHÍ MINH - CÔNG TY CỔ PHẦN VINPEARLLAND,4201583817-007,NGUYỄN THỊ NGUYỆT,"Số 161 Xa Lộ hà Nội, Phường Thảo Điền, Quận 2, Thành phố Hồ Chí Minh, Việt Nam"
https://masothue.com/0107372667-cong-ty-tnhh-lien-minh-ban-quyen-so-viet-nam,0107372667,"Hoạt động chuyên môn, khoa học và công nghệ khác chưa được phân vào đâu",,,,
https://masothue.com/0107396386-cong-ty-tnhh-noi-dung-so-pega,0107396386,Cổng thông tin,,,,
https://masothue.com/0107641084-cong-ty-tnhh-dau-tu-chan-troi-moi,0107641084,Quảng cáo,,,,
https://masothue.com/0109197040-cong-ty-tnhh-sen-thong-minh,0109197040,Hoạt động dịch vụ hỗ trợ khác liên quan đến vận tải,,,,
https://masothue.com/0102023408-cong-ty-tnhh-mot-thanh-vien-nhuom-va-hoan-tat-vai-vinatex,0102023408,Hoàn thiện sản phẩm dệt,CHI NHÁNH CÔNG TY CÔ PHẦN YÊN MỸ,0102023408-001,Nguyễn Quốc Chính,Khu Công Nghiệp dệt may Phố Nối B - - Huyện Yên Mỹ - Hưng Yên.
https://masothue.com/0102594320-cong-ty-co-phan-phat-trien-ha-tang-cong-nghiep-san-xuat-kinh-doanh-det-may-viet-nam,0102594320,"Kinh doanh bất động sản, quyền sử dụng đất thuộc chủ sở hữu, chủ sử dụng hoặc đi thuê",CHI NHÁNH TP. HỒ CHÍ MINH CÔNG TY CỔ PHẦN PHÁT TRIỂN HẠ TẦNG CÔNG NGHIỆP & SẢN XUẤT KINH DOANH DỆT MAY VIỆT NAM,0102594320-001,LÊ HỒNG THANH,"44 Đinh Tiên Hoàng, Phường 1, Quận Bình Thạnh, Thành phố Hồ Chí Minh, Việt Nam"
https://masothue.com/0102594320-cong-ty-co-phan-phat-trien-ha-tang-cong-nghiep-san-xuat-kinh-doanh-det-may-viet-nam,0102594320,"Kinh doanh bất động sản, quyền sử dụng đất thuộc chủ sở hữu, chủ sử dụng hoặc đi thuê",CHI NHÁNH HÀ NỘI - CÔNG TY CỔ PHẦN PHÁT TRIỂN HẠ TẦNG CÔNG NGHIỆP & SẢN XUẤT KINH DOANH DỆT MAY VIỆT NAM,0102594320-002,LÊ HỒNG THANH,"Số 191 đường Âu Cơ, Phường Quảng An, Quận Tây Hồ, Thành phố Hà Nội, Việt Nam"
https://masothue.com/0102594320-cong-ty-co-phan-phat-trien-ha-tang-cong-nghiep-san-xuat-kinh-doanh-det-may-viet-nam,0102594320,"Kinh doanh bất động sản, quyền sử dụng đất thuộc chủ sở hữu, chủ sử dụng hoặc đi thuê",CHI NHÁNH LIÊN DOANH VITC - BERWIN CÔNG TY CỔ PHẦN PHÁT TRIỂN HẠ TẦNG CÔNG NGHIỆP & SẢN XUẤT KINH DOANH DỆT MAY VIỆT NAM,0102594320-003,TRẦN THỊ THUÝ HƯỜNG,"18 Tăng Nhơn Phú, Phường Phước Long B, Quận 9, Thành phố Hồ Chí Minh, Việt Nam"
https://masothue.com/0100777505-cong-ty-tnhh-tu-van-xay-dung-song-da-ucrin,0100777505,Hoạt động kiến trúc và tư vấn kỹ thuật có liên quan,CHI NHÁNH CÔNG TY TNHH TƯ VẤN XÂY DỰNG SÔNG ĐÀ - UCRIN TẠI TÂY BẮC,0100777505-001,Nguyễn Đức Nhạ,Xã Chiềng Lao - Xã Chiềng Lao - Huyện Mường La - Sơn La.
https://masothue.com/0104854447-cong-ty-co-phan-dau-tu-va-xay-lap-hung-viet-udic,0104854447,Xây dựng nhà để ở,CHI NHÁNH CÔNG TY CỔ PHẦN ĐẦU TƯ VÀ XÂY LẮP HƯNG VIỆT- UDIC - NHÀ MÁY GẠCH KHÔNG NUNG HƯNG VIỆT,0104854447-001,Lý Ngọc Tuấn,"Lô diện tích 31.611,5 m2, thôn Nam Tiến, Xã Hồng An, Huyện Hưng Hà, Tỉnh Thái Bình, Việt Nam"
https://masothue.com/0106803215-cong-ty-tnhh-dich-vu-phan-mem-thien-binh,0106803215,Cổng thông tin,VĂN PHÒNG ĐẠI DIỆN CÔNG TY TNHH DỊCH VỤ PHẦN MỀM THIÊN BÌNH TẠI THÀNH PHỐ HỒ CHÍ MINH,0106803215-001,LÊ MINH TRÍ,"Tầng 24, Tòa nhà Saigon Center 2, số 67 đường Lê Lợi, Phường Bến Nghé, Quận 1, Thành phố Hồ Chí Minh, Việt Nam"
https://masothue.com/0106803303-cong-ty-tnhh-dich-vu-phan-mem-binh-minh,0106803303,Cổng thông tin,,,,
https://masothue.com/0109525069-cong-ty-tnhh-fpt-digital,0109525069,Hoạt động tư vấn quản lý,,,,
https://masothue.com/0104315477-cong-ty-tnhh-dau-tu-kinh-doanh-phat-trien-do-thi-tay-ha-noi,0104315477,Khác,,,,
https://masothue.com/0104831030-cong-ty-tnhh-nha-nuoc-mot-thanh-vien-thuong-mai-va-xuat-nhap-khau-viettel,0104831030,"Bán lẻ máy vi tính, thiết bị ngoại vi, phần mềm và thiết bị viễn thông trong các cửa hàng chuyên doanh",CHI NHÁNH CÔNG TY TNHH NHÀ NƯỚC MỘT THÀNH VIÊN THƯƠNG MẠI VÀ XUẤT NHẬP KHẨU VIETTEL TẠI BẮC GIANG,0104831030-001,TRƯƠNG ĐẠI NGHĨA,"Ngã 3, đường Hùng Vương, Phường Hoàng Văn Thụ, Thành phố Bắc Giang, Tỉnh Bắc Giang, Việt Nam"
https://masothue.com/0104831030-cong-ty-tnhh-nha-nuoc-mot-thanh-vien-thuong-mai-va-xuat-nhap-khau-viettel,0104831030,"Bán lẻ máy vi tính, thiết bị ngoại vi, phần mềm và thiết bị viễn thông trong các cửa hàng chuyên doanh",CHI NHÁNH CÔNG TY TNHH NHÀ NƯỚC MỘT THÀNH VIÊN THƯƠNG MẠI VÀ XUẤT NHẬP KHẨU VIETTEL TẠI BẮC KẠN,0104831030-002,TRƯƠNG ĐẠI NGHĨA,"Tổ 8, Phường Đức Xuân, Thành phố Bắc Kạn, Tỉnh Bắc Kạn, Việt Nam"
https://masothue.com/0104831030-cong-ty-tnhh-nha-nuoc-mot-thanh-vien-thuong-mai-va-xuat-nhap-khau-viettel,0104831030,"Bán lẻ máy vi tính, thiết bị ngoại vi, phần mềm và thiết bị viễn thông trong các cửa hàng chuyên doanh",CHI NHÁNH CÔNG TY TNHH NHÀ NƯỚC MỘT THÀNH VIÊN THƯƠNG MẠI VÀ XUẤT NHẬP KHẨU VIETTEL TẠI CAO BẰNG,0104831030-003,TRƯƠNG ĐẠI NGHĨA,"Số nhà 56, tổ 12, đường Phai khắt Nà Ngần, Phường Sông Hiến, Thành phố Cao Bằng, Tỉnh Cao Bằng, Việt Nam"
https://masothue.com/0104831030-cong-ty-tnhh-nha-nuoc-mot-thanh-vien-thuong-mai-va-xuat-nhap-khau-viettel,0104831030,"Bán lẻ máy vi tính, thiết bị ngoại vi, phần mềm và thiết bị viễn thông trong các cửa hàng chuyên doanh",CHI NHÁNH CÔNG TY TNHH NHÀ NƯỚC MỘT THÀNH VIÊN THƯƠNG MẠI VÀ XUẤT NHẬP KHẨU VIETTEL TẠI HÀ GIANG,0104831030-004,TRƯƠNG ĐẠI NGHĨA,"Số 333, Đường Nguyễn Trãi, Tổ 10, Phường Nguyễn Trãi, Thành Phố Hà Giang, Tỉnh Hà Giang, Việt Nam"
https://masothue.com/0104831030-cong-ty-tnhh-nha-nuoc-mot-thanh-vien-thuong-mai-va-xuat-nhap-khau-viettel,0104831030,"Bán lẻ máy vi tính, thiết bị ngoại vi, phần mềm và thiết bị viễn thông trong các cửa hàng chuyên doanh",CHI NHÁNH CÔNG TY TNHH NHÀ NƯỚC MỘT THÀNH VIÊN THƯƠNG MẠI VÀ XUẤT NHẬP KHẨU VIETTEL TẠI LẠNG SƠN,0104831030-005,TRƯƠNG ĐẠI NGHĨA,"Số 13 đường Lê Lợi,, Phường Vĩnh Trại, Thành phố Lạng Sơn, Tỉnh Lạng Sơn, Việt Nam"
https://masothue.com/0104831030-cong-ty-tnhh-nha-nuoc-mot-thanh-vien-thuong-mai-va-xuat-nhap-khau-viettel,0104831030,"Bán lẻ máy vi tính, thiết bị ngoại vi, phần mềm và thiết bị viễn thông trong các cửa hàng chuyên doanh",CHI NHÁNH CÔNG TY TNHH NHÀ NƯỚC MỘT THÀNH VIÊN THƯƠNG MẠI VÀ XUẤT NHẬP KHẨU VIETTEL TẠI THÁI NGUYÊN,0104831030-006,TRƯƠNG ĐẠI NGHĨA,"Số 153, Đường Hoàng Văn Thụ, Phường Phan Đình Phùng, Thành phố Thái Nguyên, Tỉnh Thái Nguyên, Việt Nam"
https://masothue.com/0104831030-cong-ty-tnhh-nha-nuoc-mot-thanh-vien-thuong-mai-va-xuat-nhap-khau-viettel,0104831030,"Bán lẻ máy vi tính, thiết bị ngoại vi, phần mềm và thiết bị viễn thông trong các cửa hàng chuyên doanh",CHI NHÁNH CÔNG TY TRÁCH NHIỆM HỮU HẠN NHÀ NƯỚC MỘT THÀNH VIÊN THƯƠNG MẠI VÀ XUẤT NHẬP KHẨU VIETTEL TẠI TUYÊN QUANG,0104831030-007,TRƯƠNG ĐẠI NGHĨA,"Chuyển đến: Số nhà 607, đường Quang Trung, tổ 24, Phường Phan Thiết, Thành phố Tuyên Quang, Tỉnh Tuyên Quang, Việt Nam"
https://masothue.com/0104831030-cong-ty-tnhh-nha-nuoc-mot-thanh-vien-thuong-mai-va-xuat-nhap-khau-viettel,0104831030,"Bán lẻ máy vi tính, thiết bị ngoại vi, phần mềm và thiết bị viễn thông trong các cửa hàng chuyên doanh",CHI NHÁNH CÔNG TY TNHH NHÀ NƯỚC MỘT THÀNH VIÊN THƯƠNG MẠI VÀ XUẤT NHẬP KHẨU VIETTEL TẠI ĐIỆN BIÊN,0104831030-008,TRƯƠNG ĐẠI NGHĨA,"Số nhà 799-801, Tổ dân phố 8, Phường Tân Thanh, Thành phố Điện Biên Phủ, Tỉnh Điện Biên, Việt Nam"
https://masothue.com/0104831030-cong-ty-tnhh-nha-nuoc-mot-thanh-vien-thuong-mai-va-xuat-nhap-khau-viettel,0104831030,"Bán lẻ máy vi tính, thiết bị ngoại vi, phần mềm và thiết bị viễn thông trong các cửa hàng chuyên doanh",CHI NHÁNH CÔNG TY TNHH NHÀ NƯỚC MỘT THÀNH VIÊN THƯƠNG MẠI VÀ XUẤT NHẬP KHẨU VIETTEL TẠI LAI CHÂU,0104831030-009,TRƯƠNG ĐẠI NGHĨA,"Số nhà 317, đường Trần Phú, Phường Tân Phong, Thành phố Lai Châu, Tỉnh Lai Châu, Việt Nam"
https://masothue.com/0104831030-cong-ty-tnhh-nha-nuoc-mot-thanh-vien-thuong-mai-va-xuat-nhap-khau-viettel,0104831030,"Bán lẻ máy vi tính, thiết bị ngoại vi, phần mềm và thiết bị viễn thông trong các cửa hàng chuyên doanh",CHI NHÁNH CÔNG TY TNHH NHÀ NƯỚC MỘT THÀNH VIÊN THƯƠNG MẠI VÀ XUẤT NHẬP KHẨU VIETTEL TẠI LÀO CAI.,0104831030-010,TRƯƠNG ĐẠI NGHĨA,"Số nhà 393, 395, 397, đường Hoàng Liên, Phường Kim Tân, Thành phố Lào Cai, Tỉnh Lào Cai, Việt Nam"
https://masothue.com/0104831030-cong-ty-tnhh-nha-nuoc-mot-thanh-vien-thuong-mai-va-xuat-nhap-khau-viettel,0104831030,"Bán lẻ máy vi tính, thiết bị ngoại vi, phần mềm và thiết bị viễn thông trong các cửa hàng chuyên doanh",CHI NHÁNH CÔNG TY TNHH NHÀ NƯỚC MỘT THÀNH VIÊN THƯƠNG MẠI VÀ XUẤT NHẬP KHẨU VIETTEL TẠI PHÚ THỌ,0104831030-011,TRƯƠNG ĐẠI NGHĨA,"Số nhà 3171-3173, đại lộ Hùng Vương, Phường Vân Cơ, Thành phố Việt Trì, Tỉnh Phú Thọ, Việt Nam"
https://masothue.com/0104831030-cong-ty-tnhh-nha-nuoc-mot-thanh-vien-thuong-mai-va-xuat-nhap-khau-viettel,0104831030,"Bán lẻ máy vi tính, thiết bị ngoại vi, phần mềm và thiết bị viễn thông trong các cửa hàng chuyên doanh",CHI NHÁNH CÔNG TY TNHH NHÀ NƯỚC MỘT THÀNH VIÊN THƯƠNG MẠI VÀ XUẤT NHẬP KHẨU VIETTEL - TẠI SƠN LA,0104831030-012,TRƯƠNG ĐẠI NGHĨA,"Số 1, đường Chu Văn Thịnh, tổ 1,, Phường Tô Hiệu, Thành phố Sơn La, Tỉnh Sơn La, Việt Nam"
https://masothue.com/0104831030-cong-ty-tnhh-nha-nuoc-mot-thanh-vien-thuong-mai-va-xuat-nhap-khau-viettel,0104831030,"Bán lẻ máy vi tính, thiết bị ngoại vi, phần mềm và thiết bị viễn thông trong các cửa hàng chuyên doanh",CHI NHÁNH CÔNG TY TNHH NHÀ NƯỚC MỘT THÀNH VIÊN THƯƠNG MẠI VÀ XUẤT NHẬP KHẨU VIETTEL TẠI VĨNH PHÚC,0104831030-013,TRƯƠNG ĐẠI NGHĨA,"Km 30, Quốc lộ 02, Đường Mê Linh, Phường Khai Quang, Thành phố Vĩnh Yên, Tỉnh Vĩnh Phúc, Việt Nam"
https://masothue.com/0104831030-cong-ty-tnhh-nha-nuoc-mot-thanh-vien-thuong-mai-va-xuat-nhap-khau-viettel,0104831030,"Bán lẻ máy vi tính, thiết bị ngoại vi, phần mềm và thiết bị viễn thông trong các cửa hàng chuyên doanh",CHI NHÁNH CÔNG TY TNHH NHÀ NƯỚC MỘT THÀNH VIÊN THƯƠNG MẠI VÀ XUẤT NHẬP KHẨU VIETTEL TẠI YÊN BÁI,0104831030-014,TRƯƠNG ĐẠI NGHĨA,"Số 1082, đường Điện Biên, Tổ 15, Phường Đồng Tâm, Thành phố Yên Bái, Tỉnh Yên Bái, Việt Nam"
https://masothue.com/0104831030-cong-ty-tnhh-nha-nuoc-mot-thanh-vien-thuong-mai-va-xuat-nhap-khau-viettel,0104831030,"Bán lẻ máy vi tính, thiết bị ngoại vi, phần mềm và thiết bị viễn thông trong các cửa hàng chuyên doanh",CHI NHÁNH CÔNG TY TNHH NHÀ NƯỚC MỘT THÀNH VIÊN THƯƠNG MẠI VÀ XUẤT NHẬP KHẨU VIETTEL TẠI BẮC NINH,0104831030-015,TRƯƠNG ĐẠI NGHĨA,"Số 298 đường Trần Hưng Đạo, Phường Đại Phúc, Thành phố Bắc Ninh, Tỉnh Bắc Ninh, Việt Nam"
https://masothue.com/0104831030-cong-ty-tnhh-nha-nuoc-mot-thanh-vien-thuong-mai-va-xuat-nhap-khau-viettel,0104831030,"Bán lẻ máy vi tính, thiết bị ngoại vi, phần mềm và thiết bị viễn thông trong các cửa hàng chuyên doanh",CHI NHÁNH CÔNG TY TNHH NHÀ NƯỚC MỘT THÀNH VIÊN THƯƠNG MẠI VÀ XUẤT NHẬP KHẨU VIETTEL TẠI HÀ NAM,0104831030-016,TRƯƠNG ĐẠI NGHĨA,"Số 48 đường Biên Hoà, Phường Minh Khai, Thành phố Phủ Lý, Tỉnh Hà Nam, Việt Nam"
https://masothue.com/0104831030-cong-ty-tnhh-nha-nuoc-mot-thanh-vien-thuong-mai-va-xuat-nhap-khau-viettel,0104831030,"Bán lẻ máy vi tính, thiết bị ngoại vi, phần mềm và thiết bị viễn thông trong các cửa hàng chuyên doanh",CHI NHÁNH CÔNG TY TNHH NHÀ NƯỚC MỘT THÀNH VIÊN THƯƠNG MẠI VÀ XUẤT NHẬP KHẨU VIETTEL TẠI HẢI DƯƠNG,0104831030-017,TRƯƠNG ĐẠI NGHĨA,"Số 102, Đường Điện Biên Phủ, Phường Phạm Ngũ Lão, Thành phố Hải Dương, Tỉnh Hải Dương, Việt Nam"
https://masothue.com/0104831030-cong-ty-tnhh-nha-nuoc-mot-thanh-vien-thuong-mai-va-xuat-nhap-khau-viettel,0104831030,"Bán lẻ máy vi tính, thiết bị ngoại vi, phần mềm và thiết bị viễn thông trong các cửa hàng chuyên doanh",CHI NHÁNH CÔNG TY TNHH NHÀ NƯỚC MỘT THÀNH VIÊN THƯƠNG MẠI VÀ XUẤT NHẬP KHẨU VIETTEL TẠI HẢI PHÒNG,0104831030-018,TRƯƠNG ĐẠI NGHĨA,"Số 62 đường Lạch Tray, Phường Lạch Tray, Quận Ngô Quyền, Thành phố Hải Phòng, Việt Nam"
https://masothue.com/0104831030-cong-ty-tnhh-nha-nuoc-mot-thanh-vien-thuong-mai-va-xuat-nhap-khau-viettel,0104831030,"Bán lẻ máy vi tính, thiết bị ngoại vi, phần mềm và thiết bị viễn thông trong các cửa hàng chuyên doanh",CHI NHÁNH CÔNG TY TRÁCH NHIỆM HỮU HẠN NHÀ NƯỚC MỘT THÀNH VIÊN THƯƠNG MẠI VÀ XUẤT NHẬP KHẨU VIETTEL TẠI HÒA BÌNH,0104831030-019,TRƯƠNG ĐẠI NGHĨA,"Đường Cù Chính Lan, tổ 8, Phường Đồng Tiến, Thành phố Hoà Bình, Tỉnh Hòa Bình, Việt Nam"
https://masothue.com/0104831030-cong-ty-tnhh-nha-nuoc-mot-thanh-vien-thuong-mai-va-xuat-nhap-khau-viettel,0104831030,"Bán lẻ máy vi tính, thiết bị ngoại vi, phần mềm và thiết bị viễn thông trong các cửa hàng chuyên doanh",CHI NHÁNH CÔNG TY TNHH NHÀ NƯỚC MỘT THÀNH VIÊN THƯƠNG MẠI VÀ XUẤT NHẬP KHẨU VIETTEL TẠI HƯNG YÊN,0104831030-020,TRƯƠNG ĐẠI NGHĨA,"Số 523 đường Nguyễn Văn Linh, Phường Hiến Nam, Thành phố Hưng yên, Tỉnh Hưng Yên, Việt Nam"
https://masothue.com/0104831030-cong-ty-tnhh-nha-nuoc-mot-thanh-vien-thuong-mai-va-xuat-nhap-khau-viettel,0104831030,"Bán lẻ máy vi tính, thiết bị ngoại vi, phần mềm và thiết bị viễn thông trong các cửa hàng chuyên doanh",CHI NHÁNH CÔNG TY TNHH NHÀ NƯỚC MỘT THÀNH VIÊN THƯƠNG MẠI VÀ XUẤT NHẬP KHẨU VIETTEL TẠI NAM ĐỊNH,0104831030-021,TRƯƠNG ĐẠI NGHĨA,"Số 247 Trần Hưng Đạo, Phường Bà Triệu, Thành phố Nam Định, Tỉnh Nam Định, Việt Nam"
https://masothue.com/0104831030-cong-ty-tnhh-nha-nuoc-mot-thanh-vien-thuong-mai-va-xuat-nhap-khau-viettel,0104831030,"Bán lẻ máy vi tính, thiết bị ngoại vi, phần mềm và thiết bị viễn thông trong các cửa hàng chuyên doanh",CHI NHÁNH CÔNG TY TNHH NHÀ NƯỚC MỘT THÀNH VIÊN THƯƠNG MẠI VÀ XUẤT NHẬP KHẨU VIETTEL TẠI QUẢNG NINH,0104831030-022,TRƯƠNG ĐẠI NGHĨA,"Lô 7-8-9 phía Tây Sở Điện Lực, Phường Hồng Hải, Thành phố Hạ Long, Tỉnh Quảng Ninh, Việt Nam"
https://masothue.com/0104831030-cong-ty-tnhh-nha-nuoc-mot-thanh-vien-thuong-mai-va-xuat-nhap-khau-viettel,0104831030,"Bán lẻ máy vi tính, thiết bị ngoại vi, phần mềm và thiết bị viễn thông trong các cửa hàng chuyên doanh",CHI NHÁNH CÔNG TY TNHH NHÀ NƯỚC MỘT THÀNH VIÊN THƯƠNG MẠI VÀ XUẤT NHẬP KHẨU VIETTEL TẠI THÁI BÌNH,0104831030-023,TRƯƠNG ĐẠI NGHĨA,"Số nhà 64, phố Hai Bà Trưng, Phường Lê Hồng Phong, Thành phố Thái Bình, Tỉnh Thái Bình, Việt Nam"
https://masothue.com/0104831030-cong-ty-tnhh-nha-nuoc-mot-thanh-vien-thuong-mai-va-xuat-nhap-khau-viettel,0104831030,"Bán lẻ máy vi tính, thiết bị ngoại vi, phần mềm và thiết bị viễn thông trong các cửa hàng chuyên doanh",CHI NHÁNH CÔNG TY TNHH NHÀ NƯỚC MỘT THÀNH VIÊN THƯƠNG MẠI VÀ XUẤT NHẬP KHẨU VIETTEL TẠI HÀ TĨNH,0104831030-024,TRƯƠNG ĐẠI NGHĨA,"Số nhà 34, đường Trần Phú, Phường Bắc Hà, Thành phố Hà Tĩnh, Tỉnh Hà Tĩnh, Việt Nam"
https://masothue.com/0104831030-cong-ty-tnhh-nha-nuoc-mot-thanh-vien-thuong-mai-va-xuat-nhap-khau-viettel,0104831030,"Bán lẻ máy vi tính, thiết bị ngoại vi, phần mềm và thiết bị viễn thông trong các cửa hàng chuyên doanh",CHI NHÁNH CÔNG TY TNHH NHÀ NƯỚC MỘT THÀNH VIÊN THƯƠNG MẠI VÀ XUẤT NHẬP KHẨU VIETTEL TẠI NGHỆ AN,0104831030-025,TRƯƠNG ĐẠI NGHĨA,"Số 16 Nguyễn Thị Minh Khai, Phường Hưng Bình, Thành phố Vinh, Tỉnh Nghệ An, Việt Nam"
https://masothue.com/0104831030-cong-ty-tnhh-nha-nuoc-mot-thanh-vien-thuong-mai-va-xuat-nhap-khau-viettel,0104831030,"Bán lẻ máy vi tính, thiết bị ngoại vi, phần mềm và thiết bị viễn thông trong các cửa hàng chuyên doanh",CHI NHÁNH CÔNG TY TNHH NHÀ NƯỚC MỘT THÀNH VIÊN THƯƠNG MẠI VÀ XUẤT NHẬP KHẨU VIETTEL TẠI NINH BÌNH,0104831030-026,TRƯƠNG ĐẠI NGHĨA,"Số 760 đường Trần Hưng Đạo, Phường Tân Thành, Thành phố Ninh Bình, Tỉnh Ninh Bình, Việt Nam"
https://masothue.com/0104831030-cong-ty-tnhh-nha-nuoc-mot-thanh-vien-thuong-mai-va-xuat-nhap-khau-viettel,0104831030,"Bán lẻ máy vi tính, thiết bị ngoại vi, phần mềm và thiết bị viễn thông trong các cửa hàng chuyên doanh",CHI NHÁNH CÔNG TY TNHH NHÀ NƯỚC MỘT THÀNH VIÊN THƯƠNG MẠI VÀ XUẤT NHẬP KHẨU VIETTEL TẠI QUẢNG BÌNH,0104831030-027,TRƯƠNG ĐẠI NGHĨA,"154 Trần Hưng Đạo, Phường Đồng Phú, Thành phố Đồng Hới, Tỉnh Quảng Bình, Việt Nam"
https://masothue.com/0104831030-cong-ty-tnhh-nha-nuoc-mot-thanh-vien-thuong-mai-va-xuat-nhap-khau-viettel,0104831030,"Bán lẻ máy vi tính, thiết bị ngoại vi, phần mềm và thiết bị viễn thông trong các cửa hàng chuyên doanh",CHI NHÁNH CÔNG TY TNHH NHÀ NƯỚC MỘT THÀNH VIÊN THƯƠNG MẠI VÀ XUẤT NHẬP KHẨU VIETTEL TẠI THANH HÓA,0104831030-028,TRƯƠNG ĐẠI NGHĨA,"Số 360A Trần Phú, Phường Ba Đình, Thành phố Thanh Hoá, Tỉnh Thanh Hoá, Việt Nam"
https://masothue.com/0104831030-cong-ty-tnhh-nha-nuoc-mot-thanh-vien-thuong-mai-va-xuat-nhap-khau-viettel,0104831030,"Bán lẻ máy vi tính, thiết bị ngoại vi, phần mềm và thiết bị viễn thông trong các cửa hàng chuyên doanh",CHI NHÁNH CÔNG TY TNHH NHÀ NƯỚC MỘT THÀNH VIÊN THƯƠNG MẠI VÀ XUẤT NHẬP KHẨU VIETTEL TẠI MIỀN TRUNG,0104831030-029,TRƯƠNG ĐẠI NGHĨA,"139 Ông Ích Khiêm, Phường Thanh Bình, Quận Hải Châu, Thành phố Đà Nẵng, Việt Nam"
https://masothue.com/0104831030-cong-ty-tnhh-nha-nuoc-mot-thanh-vien-thuong-mai-va-xuat-nhap-khau-viettel,0104831030,"Bán lẻ máy vi tính, thiết bị ngoại vi, phần mềm và thiết bị viễn thông trong các cửa hàng chuyên doanh",CHI NHÁNH CÔNG TY TNHH NHÀ NƯỚC MỘT THÀNH VIÊN THƯƠNG MẠI VÀ XUẤT NHẬP KHẨU VIETTEL TẠI HUẾ,0104831030-030,TRƯƠNG ĐẠI NGHĨA,"Số 197 Hùng Vương, Phường An Cựu, Thành phố Huế, Tỉnh Thừa Thiên Huế, Việt Nam"
https://masothue.com/0104831030-cong-ty-tnhh-nha-nuoc-mot-thanh-vien-thuong-mai-va-xuat-nhap-khau-viettel,0104831030,"Bán lẻ máy vi tính, thiết bị ngoại vi, phần mềm và thiết bị viễn thông trong các cửa hàng chuyên doanh",CHI NHÁNH CÔNG TY TNHH NHÀ NƯỚC MỘT THÀNH VIÊN THƯƠNG MẠI VÀ XUẤT NHẬP KHẨU VIETTEL TẠI KON TUM,0104831030-031,TRƯƠNG ĐẠI NGHĨA,"Số nhà 280, Đường Trần Hưng Đạo, Phường Quyết Thắng, Thành phố Kon Tum, Tỉnh Kon Tum, Việt Nam"
https://masothue.com/0104831030-cong-ty-tnhh-nha-nuoc-mot-thanh-vien-thuong-mai-va-xuat-nhap-khau-viettel,0104831030,"Bán lẻ máy vi tính, thiết bị ngoại vi, phần mềm và thiết bị viễn thông trong các cửa hàng chuyên doanh",CHI NHÁNH CÔNG TY TNHH NHÀ NƯỚC MỘT THÀNH VIÊN THƯƠNG MẠI VÀ XUẤT NHẬP KHẨU VIETTEL TẠI QUẢNG NAM,0104831030-032,TRƯƠNG ĐẠI NGHĨA,"29 Phan Chu Trinh, Phường Phước Hòa, Thành phố Tam Kỳ, Tỉnh Quảng Nam, Việt Nam"
https://masothue.com/0104831030-cong-ty-tnhh-nha-nuoc-mot-thanh-vien-thuong-mai-va-xuat-nhap-khau-viettel,0104831030,"Bán lẻ máy vi tính, thiết bị ngoại vi, phần mềm và thiết bị viễn thông trong các cửa hàng chuyên doanh",CHI NHÁNH CÔNG TY TNHH NHÀ NƯỚC MỘT THÀNH VIÊN THƯƠNG MẠI VÀ XUẤT NHẬP KHẨU VIETTEL TẠI QUẢNG NGÃI,0104831030-033,TRƯƠNG ĐẠI NGHĨA,"Số 222- Quang Trung, Phường Lê Hồng Phong, Thành phố Quảng Ngãi, Tỉnh Quảng Ngãi, Việt Nam"
https://masothue.com/0104831030-cong-ty-tnhh-nha-nuoc-mot-thanh-vien-thuong-mai-va-xuat-nhap-khau-viettel,0104831030,"Bán lẻ máy vi tính, thiết bị ngoại vi, phần mềm và thiết bị viễn thông trong các cửa hàng chuyên doanh",CHI NHÁNH CÔNG TY TNHH NHÀ NƯỚC MỘT THÀNH VIÊN THƯƠNG MẠI VÀ XUẤT NHẬP KHẨU VIETTEL QUẢNG TRỊ,0104831030-034,TRƯƠNG ĐẠI NGHĨA,"Số nhà 113 Quốc lộ 9, Khu phố 3, Phường 5, Thành phố Đông Hà, Tỉnh Quảng Trị, Việt Nam"
https://masothue.com/0104831030-cong-ty-tnhh-nha-nuoc-mot-thanh-vien-thuong-mai-va-xuat-nhap-khau-viettel,0104831030,"Bán lẻ máy vi tính, thiết bị ngoại vi, phần mềm và thiết bị viễn thông trong các cửa hàng chuyên doanh",CHI NHÁNH CÔNG TY TNHH NHÀ NƯỚC MỘT THÀNH VIÊN THƯƠNG MẠI VÀ XUẤT NHẬP KHẨU VIETTEL TẠI BÌNH ĐỊNH,0104831030-035,TRƯƠNG ĐẠI NGHĨA,"Số 374B đường Nguyễn Thái Học, Phường Ngô Mây, Thành phố Quy Nhơn, Tỉnh Bình Định, Việt Nam"
https://masothue.com/0104831030-cong-ty-tnhh-nha-nuoc-mot-thanh-vien-thuong-mai-va-xuat-nhap-khau-viettel,0104831030,"Bán lẻ máy vi tính, thiết bị ngoại vi, phần mềm và thiết bị viễn thông trong các cửa hàng chuyên doanh",CHI NHÁNH CÔNG TY TNHH NHÀ NƯỚC MỘT THÀNH VIÊN THƯƠNG MẠI VÀ XUẤT NHẬP KHẨU VIETTEL TẠI BÌNH THUẬN,0104831030-036,TRƯƠNG ĐẠI NGHĨA,"269-271-273 Trần Hưng Đạo, Phường Bình Hưng, Thành phố Phan Thiết, Tỉnh Bình Thuận, Việt Nam"
https://masothue.com/0104831030-cong-ty-tnhh-nha-nuoc-mot-thanh-vien-thuong-mai-va-xuat-nhap-khau-viettel,0104831030,"Bán lẻ máy vi tính, thiết bị ngoại vi, phần mềm và thiết bị viễn thông trong các cửa hàng chuyên doanh",CHI NHÁNH CÔNG TY TNHH NHÀ NƯỚC MỘT THÀNH VIÊN THƯƠNG MẠI VÀ XUẤT NHẬP KHẨU VIETTEL TẠI ĐẮK LẮK,0104831030-037,TRƯƠNG ĐẠI NGHĨA,"Số 02 Ngô Quyền, Phường Thắng Lợi, TP.Buôn Ma Thuột, Tỉnh Đắk Lắk, Việt Nam"
https://masothue.com/0104831030-cong-ty-tnhh-nha-nuoc-mot-thanh-vien-thuong-mai-va-xuat-nhap-khau-viettel,0104831030,"Bán lẻ máy vi tính, thiết bị ngoại vi, phần mềm và thiết bị viễn thông trong các cửa hàng chuyên doanh",CHI NHÁNH CÔNG TY TNHH NHÀ NƯỚC MỘT THÀNH VIÊN THƯƠNG MẠI VÀ XUẤT NHẬP KHẨU VIETTEL TẠI GIA LAI,0104831030-038,TRƯƠNG ĐẠI NGHĨA,"01A-01B Nguyễn Văn Trỗi, Phường Hội Thương, Thành phố Pleiku, Tỉnh Gia Lai, Việt Nam"
https://masothue.com/0104831030-cong-ty-tnhh-nha-nuoc-mot-thanh-vien-thuong-mai-va-xuat-nhap-khau-viettel,0104831030,"Bán lẻ máy vi tính, thiết bị ngoại vi, phần mềm và thiết bị viễn thông trong các cửa hàng chuyên doanh",CHI NHÁNH CÔNG TY TNHH NHÀ NƯỚC MỘT THÀNH VIÊN THƯƠNG MẠI VÀ XUẤT NHẬP KHẨU VIETTEL TẠI KHÁNH HÒA,0104831030-039,TRƯƠNG ĐẠI NGHĨA,"Số 1035 Lê Hồng Phong, Phường Phước Long, Thành phố Nha Trang, Tỉnh Khánh Hòa, Việt Nam"
https://masothue.com/0104831030-cong-ty-tnhh-nha-nuoc-mot-thanh-vien-thuong-mai-va-xuat-nhap-khau-viettel,0104831030,"Bán lẻ máy vi tính, thiết bị ngoại vi, phần mềm và thiết bị viễn thông trong các cửa hàng chuyên doanh",CHI NHÁNH CÔNG TY TNHH NHÀ NƯỚC MỘT THÀNH VIÊN THƯƠNG MẠI VÀ XUẤT NHẬP KHẨU VIETTEL TẠI LÂM ĐỒNG,0104831030-040,TRƯƠNG ĐẠI NGHĨA,"Số 208 (số cũ 208B) đường Phan Đình Phùng, Phường 2, Thành phố Đà Lạt, Tỉnh Lâm Đồng, Việt Nam"
https://masothue.com/0104831030-cong-ty-tnhh-nha-nuoc-mot-thanh-vien-thuong-mai-va-xuat-nhap-khau-viettel,0104831030,"Bán lẻ máy vi tính, thiết bị ngoại vi, phần mềm và thiết bị viễn thông trong các cửa hàng chuyên doanh",CHI NHÁNH CÔNG TY TNHH NHÀ NƯỚC MỘT THÀNH VIÊN THƯƠNG MẠI VÀ XUẤT NHẬP KHẨU VIETTEL TẠI NINH THUẬN,0104831030-041,TRƯƠNG ĐẠI NGHĨA,"Số 450A Thống Nhất, Phường Mỹ Hương, TP. Phan Rang-Tháp Chàm, Tỉnh Ninh Thuận, Việt Nam"
https://masothue.com/0104831030-cong-ty-tnhh-nha-nuoc-mot-thanh-vien-thuong-mai-va-xuat-nhap-khau-viettel,0104831030,"Bán lẻ máy vi tính, thiết bị ngoại vi, phần mềm và thiết bị viễn thông trong các cửa hàng chuyên doanh",CHI NHÁNH CÔNG TY TNHH NHÀ NƯỚC MỘT THÀNH VIÊN THƯƠNG MẠI VÀ XUẤT NHẬP KHẨU VIETTEL TẠI PHÚ YÊN,0104831030-042,TRƯƠNG ĐẠI NGHĨA,"Số 47B Nguyễn Huệ, Phường 2, TP Tuy Hoà, Tỉnh Phú Yên, Việt Nam"
https://masothue.com/0104831030-cong-ty-tnhh-nha-nuoc-mot-thanh-vien-thuong-mai-va-xuat-nhap-khau-viettel,0104831030,"Bán lẻ máy vi tính, thiết bị ngoại vi, phần mềm và thiết bị viễn thông trong các cửa hàng chuyên doanh",CHI NHÁNH CÔNG TY TNHH NHÀ NƯỚC MỘT THÀNH VIÊN THƯƠNG MẠI VÀ XUẤT NHẬP KHẨU VIETTEL TẠI BẾN TRE,0104831030-043,TRƯƠNG ĐẠI NGHĨA,"Số 489B-490B, Đại Lộ Đồng Khởi, Phường Phú Khương, Thành phố Bến Tre, Tỉnh Bến Tre, Việt Nam"
https://masothue.com/0104831030-cong-ty-tnhh-nha-nuoc-mot-thanh-vien-thuong-mai-va-xuat-nhap-khau-viettel,0104831030,"Bán lẻ máy vi tính, thiết bị ngoại vi, phần mềm và thiết bị viễn thông trong các cửa hàng chuyên doanh",CHI NHÁNH CÔNG TY TNHH NHÀ NƯỚC MỘT THÀNH VIÊN THƯƠNG MẠI VÀ XUẤT NHẬP KHẨU VIETTEL TẠI BÌNH DƯƠNG,0104831030-044,TRƯƠNG ĐẠI NGHĨA,"Số 453 Đại lộ Bình Dương, Phường Phú Cường, Thành phố Thủ Dầu Một, Tỉnh Bình Dương, Việt Nam"
https://masothue.com/0104831030-cong-ty-tnhh-nha-nuoc-mot-thanh-vien-thuong-mai-va-xuat-nhap-khau-viettel,0104831030,"Bán lẻ máy vi tính, thiết bị ngoại vi, phần mềm và thiết bị viễn thông trong các cửa hàng chuyên doanh",CHI NHÁNH CÔNG TY TNHH NHÀ NƯỚC MỘT THÀNH VIÊN THƯƠNG MẠI VÀ XUẤT NHẬP KHẨU VIETTEL TẠI BÌNH PHƯỚC,0104831030-045,TRƯƠNG ĐẠI NGHĨA,"Số 973 Phú Riềng Đỏ, Phường Tân Bình, Thành phố Đồng Xoài, Tỉnh Bình Phước, Việt Nam"
https://masothue.com/0104831030-cong-ty-tnhh-nha-nuoc-mot-thanh-vien-thuong-mai-va-xuat-nhap-khau-viettel,0104831030,"Bán lẻ máy vi tính, thiết bị ngoại vi, phần mềm và thiết bị viễn thông trong các cửa hàng chuyên doanh",CHI NHÁNH CÔNG TY TNHH NHÀ NƯỚC MỘT THÀNH VIÊN THƯƠNG MẠI VÀ XUẤT NHẬP KHẨU VIETTEL TẠI ĐẮK NÔNG,0104831030-046,TRƯƠNG ĐẠI NGHĨA,"Số 155B, đường Huỳnh Thúc Kháng , Phường Nghĩa Thành, Thành phố Gia Nghĩa, Tỉnh Đắk Nông, Việt Nam"
https://masothue.com/0104831030-cong-ty-tnhh-nha-nuoc-mot-thanh-vien-thuong-mai-va-xuat-nhap-khau-viettel,0104831030,"Bán lẻ máy vi tính, thiết bị ngoại vi, phần mềm và thiết bị viễn thông trong các cửa hàng chuyên doanh",CHI NHÁNH CÔNG TY TNHH NHÀ NƯỚC MỘT THÀNH VIÊN THƯƠNG MẠI VÀ XUẤT NHẬP KHẨU VIETTEL TẠI ĐỒNG NAI,0104831030-047,TRƯƠNG ĐẠI NGHĨA,"Số 240+240A, đường Phạm Văn Thuận, Phường Thống Nhất, Thành phố Biên Hoà, Tỉnh Đồng Nai, Việt Nam"
https://masothue.com/0104831030-cong-ty-tnhh-nha-nuoc-mot-thanh-vien-thuong-mai-va-xuat-nhap-khau-viettel,0104831030,"Bán lẻ máy vi tính, thiết bị ngoại vi, phần mềm và thiết bị viễn thông trong các cửa hàng chuyên doanh",CHI NHÁNH CÔNG TY TNHH NHÀ NƯỚC MỘT THÀNH VIÊN THƯƠNG MẠI VÀ XUẤT NHẬP KHẨU VIETTEL TẠI LONG AN,0104831030-048,TRƯƠNG ĐẠI NGHĨA,"Số 107 Hùng Vương, Phường 2, Thành phố Tân An, Tỉnh Long An, Việt Nam"
https://masothue.com/0104831030-cong-ty-tnhh-nha-nuoc-mot-thanh-vien-thuong-mai-va-xuat-nhap-khau-viettel,0104831030,"Bán lẻ máy vi tính, thiết bị ngoại vi, phần mềm và thiết bị viễn thông trong các cửa hàng chuyên doanh",CHI NHÁNH CÔNG TY TNHH NHÀ NƯỚC MỘT THÀNH VIÊN THƯƠNG MẠI VÀ XUẤT NHẬP KHẨU VIETTEL TẠI TÂY NINH,0104831030-049,Trương Đại Nghĩa,"Số 869, đường Cách Mạng Tháng Tám, Phường Hiệp Ninh, Thành phố Tây Ninh, Tỉnh Tây Ninh, Việt Nam"
https://masothue.com/0104831030-cong-ty-tnhh-nha-nuoc-mot-thanh-vien-thuong-mai-va-xuat-nhap-khau-viettel,0104831030,"Bán lẻ máy vi tính, thiết bị ngoại vi, phần mềm và thiết bị viễn thông trong các cửa hàng chuyên doanh",CHI NHÁNH CÔNG TY TNHH NHÀ NƯỚC MỘT THÀNH VIÊN THƯƠNG MẠI VÀ XUẤT NHẬP KHẨU VIETTEL TẠI TIỀN GIANG,0104831030-050,TRƯƠNG ĐẠI NGHĨA,"Số 2C Thủ Khoa Huân, Phường 1, Thành phố Mỹ Tho, Tỉnh Tiền Giang, Việt Nam"
https://masothue.com/0104831030-cong-ty-tnhh-nha-nuoc-mot-thanh-vien-thuong-mai-va-xuat-nhap-khau-viettel,0104831030,"Bán lẻ máy vi tính, thiết bị ngoại vi, phần mềm và thiết bị viễn thông trong các cửa hàng chuyên doanh",CHI NHÁNH CÔNG TY TNHH NHÀ NƯỚC MỘT THÀNH VIÊN THƯƠNG MẠI VÀ XUẤT NHẬP KHẨU VIETTEL TẠI VŨNG TÀU,0104831030-051,TRƯƠNG ĐẠI NGHĨA,"353 Trương Công Định, Phường 7, Thành phố Vũng Tàu, Tỉnh Bà Rịa - Vũng Tàu, Việt Nam"
https://masothue.com/0104831030-cong-ty-tnhh-nha-nuoc-mot-thanh-vien-thuong-mai-va-xuat-nhap-khau-viettel,0104831030,"Bán lẻ máy vi tính, thiết bị ngoại vi, phần mềm và thiết bị viễn thông trong các cửa hàng chuyên doanh",CHI NHÁNH CÔNG TY TNHH NHÀ NƯỚC MỘT THÀNH VIÊN THƯƠNG MẠI VÀ XUẤT NHẬP KHẨU VIETTEL TẠI AN GIANG,0104831030-052,TRƯƠNG ĐẠI NGHĨA,"Số 60 Nguyễn Thái Học, Phường Mỹ Bình, Thành phố Long Xuyên , Tỉnh An Giang, Việt Nam"
https://masothue.com/0104831030-cong-ty-tnhh-nha-nuoc-mot-thanh-vien-thuong-mai-va-xuat-nhap-khau-viettel,0104831030,"Bán lẻ máy vi tính, thiết bị ngoại vi, phần mềm và thiết bị viễn thông trong các cửa hàng chuyên doanh",CHI NHÁNH CÔNG TY TNHH NHÀ NƯỚC MỘT THÀNH VIÊN THƯƠNG MẠI VÀ XUẤT NHẬP KHẨU VIETTEL TẠI BẠC LIÊU,0104831030-053,TRƯƠNG ĐẠI NGHĨA,"Số 156A/4, Đường Trần Phú, Phường 7, Thành phố Bạc Liêu, Tỉnh Bạc Liêu, Việt Nam"
https://masothue.com/0104831030-cong-ty-tnhh-nha-nuoc-mot-thanh-vien-thuong-mai-va-xuat-nhap-khau-viettel,0104831030,"Bán lẻ máy vi tính, thiết bị ngoại vi, phần mềm và thiết bị viễn thông trong các cửa hàng chuyên doanh",CHI NHÁNH CÔNG TY TNHH NHÀ NƯỚC MỘT THÀNH VIÊN THƯƠNG MẠI VÀ XUẤT NHẬP KHẨU VIETTEL TẠI CÀ MAU,0104831030-054,TRƯƠNG ĐẠI NGHĨA,"Số 243, Đường Nguyễn Tất Thành, Phường 8, Thành phố Cà Mau, Tỉnh Cà Mau, Việt Nam"
https://masothue.com/0104831030-cong-ty-tnhh-nha-nuoc-mot-thanh-vien-thuong-mai-va-xuat-nhap-khau-viettel,0104831030,"Bán lẻ máy vi tính, thiết bị ngoại vi, phần mềm và thiết bị viễn thông trong các cửa hàng chuyên doanh",CHI NHÁNH CÔNG TY TNHH NHÀ NƯỚC MỘT THÀNH VIÊN THƯƠNG MẠI VÀ XUẤT NHẬP KHẨU VIETTEL TẠI CẦN THƠ,0104831030-055,TRƯƠNG ĐẠI NGHĨA,"Số 184A-184B-184D đường 30/4, Phường An Phú, Quận Ninh Kiều, Thành phố Cần Thơ, Việt Nam"
https://masothue.com/0104831030-cong-ty-tnhh-nha-nuoc-mot-thanh-vien-thuong-mai-va-xuat-nhap-khau-viettel,0104831030,"Bán lẻ máy vi tính, thiết bị ngoại vi, phần mềm và thiết bị viễn thông trong các cửa hàng chuyên doanh",CHI NHÁNH CÔNG TY TRÁCH NHIỆM HỮU HẠN NHÀ NƯỚC MỘT THÀNH VIÊN THƯƠNG MẠI VÀ XUẤT NHẬP KHẨU VIETTEL TẠI ĐỒNG THÁP.,0104831030-056,TRƯƠNG ĐẠI NGHĨA,"Số 58, Nguyễn Huệ, Phường 2, Thành phố Cao Lãnh, Tỉnh Đồng Tháp, Việt Nam"
https://masothue.com/0104831030-cong-ty-tnhh-nha-nuoc-mot-thanh-vien-thuong-mai-va-xuat-nhap-khau-viettel,0104831030,"Bán lẻ máy vi tính, thiết bị ngoại vi, phần mềm và thiết bị viễn thông trong các cửa hàng chuyên doanh",CHI NHÁNH CÔNG TY TRÁCH NHIỆM HỮU HẠN NHÀ NƯỚC MỘT THÀNH VIÊN THƯƠNG MẠI VÀ XUẤT NHẬP KHẨU VIETTEL TẠI HẬU GIANG,0104831030-057,TRƯƠNG ĐẠI NGHĨA,"Số 2-4-6, đường 30/4, Phường I, Thành phố Vị Thanh, Tỉnh Hậu Giang, Việt Nam"
https://masothue.com/0104831030-cong-ty-tnhh-nha-nuoc-mot-thanh-vien-thuong-mai-va-xuat-nhap-khau-viettel,0104831030,"Bán lẻ máy vi tính, thiết bị ngoại vi, phần mềm và thiết bị viễn thông trong các cửa hàng chuyên doanh",CHI NHÁNH CÔNG TY TNHH NHÀ NƯỚC MỘT THÀNH VIÊN THƯƠNG MẠI VÀ XUẤT NHẬP KHẨU VIETTEL TẠI KIÊN GIANG,0104831030-058,TRƯƠNG ĐẠI NGHĨA,"Số 55- 57 đường Mai Thị Hồng Hạnh, Phường Vĩnh Lợi, Thành phố Rạch Giá, Tỉnh Kiên Giang, Việt Nam"
https://masothue.com/0104831030-cong-ty-tnhh-nha-nuoc-mot-thanh-vien-thuong-mai-va-xuat-nhap-khau-viettel,0104831030,"Bán lẻ máy vi tính, thiết bị ngoại vi, phần mềm và thiết bị viễn thông trong các cửa hàng chuyên doanh",CHI NHÁNH CÔNG TY TNHH NHÀ NƯỚC MỘT THÀNH VIÊN THƯƠNG MẠI VÀ XUẤT NHẬP KHẨU VIETTEL TẠI SÓC TRĂNG,0104831030-059,TRƯƠNG ĐẠI NGHĨA,"Số 91 Hùng Vương, Phường 6, Thành phố Sóc Trăng, Tỉnh Sóc Trăng, Việt Nam"
https://masothue.com/0104831030-cong-ty-tnhh-nha-nuoc-mot-thanh-vien-thuong-mai-va-xuat-nhap-khau-viettel,0104831030,"Bán lẻ máy vi tính, thiết bị ngoại vi, phần mềm và thiết bị viễn thông trong các cửa hàng chuyên doanh",CHI NHÁNH CÔNG TY TNHH NHÀ NƯỚC MỘT THÀNH VIÊN THƯƠNG MẠI VÀ XUẤT NHẬP KHẨU VIETTEL TẠI TRÀ VINH,0104831030-060,TRƯƠNG ĐẠI NGHĨA,"Số 8, Điện Biên Phủ, Phường 6, Thành phố Trà Vinh, Tỉnh Trà Vinh, Việt Nam"
https://masothue.com/0104831030-cong-ty-tnhh-nha-nuoc-mot-thanh-vien-thuong-mai-va-xuat-nhap-khau-viettel,0104831030,"Bán lẻ máy vi tính, thiết bị ngoại vi, phần mềm và thiết bị viễn thông trong các cửa hàng chuyên doanh",CHI NHÁNH CÔNG TY TNHH NHÀ NƯỚC MỘT THÀNH VIÊN THƯƠNG MẠI VÀ XUẤT NHẬP KHẨU VIETTEL TẠI VĨNH LONG,0104831030-061,TRƯƠNG ĐẠI NGHĨA,"Số 1C đường Trưng Nữ Vương, Phường 1, Thành phố Vĩnh Long, Tỉnh Vĩnh Long, Việt Nam"
https://masothue.com/0104831030-cong-ty-tnhh-nha-nuoc-mot-thanh-vien-thuong-mai-va-xuat-nhap-khau-viettel,0104831030,"Bán lẻ máy vi tính, thiết bị ngoại vi, phần mềm và thiết bị viễn thông trong các cửa hàng chuyên doanh",CHI NHÁNH PHÍA NAM - CÔNG TY TNHH NHÀ NƯỚC MỘT THÀNH VIÊN THƯƠNG MẠI VÀ XUẤT NHẬP KHẨU VIETTEL (TP. HÀ NỘI),0104831030-062,NGÔ TIẾN THIỆN,"158/2A Hoàng Hoa Thám, Phường 12, Quận Tân Bình, Thành phố Hồ Chí Minh, Việt Nam"
https://masothue.com/0104831030-cong-ty-tnhh-nha-nuoc-mot-thanh-vien-thuong-mai-va-xuat-nhap-khau-viettel,0104831030,"Bán lẻ máy vi tính, thiết bị ngoại vi, phần mềm và thiết bị viễn thông trong các cửa hàng chuyên doanh",ĐỊA ĐIỂM KINH DOANH - CHI NHÁNH CÔNG TY TNHH NHÀ NƯỚC MỘT THÀNH VIÊN THƯƠNG MẠI VÀ XUẤT NHẬP KHẨU VIETTEL TẠI VĨNH PHÚC,0104831030-069,TĂNG TIẾN DŨNG,"Số nhà 362, Phố Hai Bà Trưng, Phường Hùng Vương, Thành phố Phúc Yên, Tỉnh Vĩnh Phúc, Việt Nam"
https://masothue.com/0104831030-cong-ty-tnhh-nha-nuoc-mot-thanh-vien-thuong-mai-va-xuat-nhap-khau-viettel,0104831030,"Bán lẻ máy vi tính, thiết bị ngoại vi, phần mềm và thiết bị viễn thông trong các cửa hàng chuyên doanh",ĐỊA ĐIỂM KINH DOANH - CHI NHÁNH CÔNG TY TNHH NHÀ NƯỚC MỘT THÀNH VIÊN THƯƠNG MẠI VÀ XUẤT NHẬP KHẨU VIETTEL TẠI THANH HÓA,0104831030-070,TRỊNH NGỌC ANH,"Số 638 Bà Triệu, Phường Trường Thi, Thành phố Thanh Hoá, Tỉnh Thanh Hoá, Việt Nam"
https://masothue.com/0104831030-cong-ty-tnhh-nha-nuoc-mot-thanh-vien-thuong-mai-va-xuat-nhap-khau-viettel,0104831030,"Bán lẻ máy vi tính, thiết bị ngoại vi, phần mềm và thiết bị viễn thông trong các cửa hàng chuyên doanh",ĐỊA ĐIỂM KINH DOANH - CHI NHÁNH CÔNG TY TNHH NHÀ NƯỚC MỘT THÀNH VIÊN THƯƠNG MẠI VÀ XUẤT NHẬP KHẨU VIETTEL TẠI BẮC NINH,0104831030-071,NGUYỄN NGỌC LONG,"Số 196 Trần Phú, Phường Đông Ngàn, Thị xã Từ Sơn, Tỉnh Bắc Ninh, Việt Nam"
https://masothue.com/0104831030-cong-ty-tnhh-nha-nuoc-mot-thanh-vien-thuong-mai-va-xuat-nhap-khau-viettel,0104831030,"Bán lẻ máy vi tính, thiết bị ngoại vi, phần mềm và thiết bị viễn thông trong các cửa hàng chuyên doanh",ĐỊA ĐIỂM KINH DOANH-CHI NHÁNH CÔNG TY TNHH NHÀ NƯỚC MỘT THÀNH VIÊN THƯƠNG MẠI VÀ XUẤT NHẬP KHẨU VIETTEL (CẤP NGÀY: 13/01/2011),0104831030-075,VŨ VĂN ĐỨC,"Số 92, Trần Phú, Phường Xuân An, Thành phố Long khánh, Tỉnh Đồng Nai, Việt Nam"
https://masothue.com/0104831030-cong-ty-tnhh-nha-nuoc-mot-thanh-vien-thuong-mai-va-xuat-nhap-khau-viettel,0104831030,"Bán lẻ máy vi tính, thiết bị ngoại vi, phần mềm và thiết bị viễn thông trong các cửa hàng chuyên doanh",ĐỊA ĐIỂM KINH DOANH CHI NHÁNH CÔNG TY TNHH NHÀ NƯỚC MỘT THÀNH VIÊN THƯƠNG MẠI VÀ XUẤT NHẬP KHẨU VIETTEL TẠI VŨNG TÀU,0104831030-076,TRƯƠNG ĐẠI NGHĨA,"Số 224-226 Nguyễn Thanh Đằng, Phường Phước Hiệp, Thành phố Bà Rịa, Tỉnh Bà Rịa - Vũng Tàu, Việt Nam"
https://masothue.com/0104831030-cong-ty-tnhh-nha-nuoc-mot-thanh-vien-thuong-mai-va-xuat-nhap-khau-viettel,0104831030,"Bán lẻ máy vi tính, thiết bị ngoại vi, phần mềm và thiết bị viễn thông trong các cửa hàng chuyên doanh",CHI NHÁNH CÔNG TY TNHH NHÀ NƯỚC MỘT THÀNH VIÊN THƯƠNG MẠI VÀ XUẤT NHẬP KHẨU VIETTEL (CẤP NGÀY: 18/01/2011),0104831030-077,VŨ VĂN ĐỨC,"Số 10/1 - 10/2, đường Đồng Khởi, KP3, Phường Tân Hiệp, Thành phố Biên Hoà, Tỉnh Đồng Nai, Việt Nam"
https://masothue.com/0104831030-cong-ty-tnhh-nha-nuoc-mot-thanh-vien-thuong-mai-va-xuat-nhap-khau-viettel,0104831030,"Bán lẻ máy vi tính, thiết bị ngoại vi, phần mềm và thiết bị viễn thông trong các cửa hàng chuyên doanh",ĐỊA ĐIỂM KINH DOANH SỐ 2 - CHI NHÁNH CÔNG TY TNHH NHÀ NƯỚC MỘT THÀNH VIÊN THƯƠNG MẠI VÀ XUẤT NHẬP KHẨU VIETTEL TẠI LÂM ĐỒNG,0104831030-078,HỒ THỊ PHƯƠNG DUNG,"Số 2 đường Nguyễn Thị Minh Khai, Phường 1, Thành phố Đà Lạt, Tỉnh Lâm Đồng, Việt Nam"
https://masothue.com/0104831030-cong-ty-tnhh-nha-nuoc-mot-thanh-vien-thuong-mai-va-xuat-nhap-khau-viettel,0104831030,"Bán lẻ máy vi tính, thiết bị ngoại vi, phần mềm và thiết bị viễn thông trong các cửa hàng chuyên doanh",ĐỊA ĐIỂM KINH DOANH SỐ 2 - CHI NHÁNH CÔNG TY TNHH NHÀ NƯỚC MỘT THÀNH VIÊN THƯƠNG MẠI VÀ XUẤT NHẬP KHẨU VIETTEL TẠI THANH HÓA,0104831030-079,TRƯƠNG THI THƠM,"Số 244 đường Nguyễn Huệ, Phường Ngọc Trạo, Thị xã Bỉm Sơn, Tỉnh Thanh Hoá, Việt Nam"
https://masothue.com/0104831030-cong-ty-tnhh-nha-nuoc-mot-thanh-vien-thuong-mai-va-xuat-nhap-khau-viettel,0104831030,"Bán lẻ máy vi tính, thiết bị ngoại vi, phần mềm và thiết bị viễn thông trong các cửa hàng chuyên doanh",ĐỊA ĐIỂM KINH DOANH SỐ 9 - CÔNG TY TNHH NHÀ NƯỚC MỘT THÀNH VIÊN THƯƠNG MẠI VÀ XUẤT NHẬP KHẨU VIETTEL,0104831030-080,NGUYỄN HƯƠNG THẮNG,"Số 199 phố Minh Khai, Phường Minh Khai, Quận Hai Bà Trưng, Thành phố Hà Nội, Việt Nam"
https://masothue.com/0104831030-cong-ty-tnhh-nha-nuoc-mot-thanh-vien-thuong-mai-va-xuat-nhap-khau-viettel,0104831030,"Bán lẻ máy vi tính, thiết bị ngoại vi, phần mềm và thiết bị viễn thông trong các cửa hàng chuyên doanh",ĐỊA ĐIỂM KINH DOANH SỐ 7 - CÔNG TY TNHH NHÀ NƯỚC MỘT THÀNH VIÊN THƯƠNG MẠI VÀ XUẤT NHẬP KHẨU VIETTEL,0104831030-081,NGUYỄN TRUNG DŨNG,"Số 145 Thái Hà, Phường Trung Liệt, Quận Đống Đa, Thành phố Hà Nội, Việt Nam"
https://masothue.com/0104831030-cong-ty-tnhh-nha-nuoc-mot-thanh-vien-thuong-mai-va-xuat-nhap-khau-viettel,0104831030,"Bán lẻ máy vi tính, thiết bị ngoại vi, phần mềm và thiết bị viễn thông trong các cửa hàng chuyên doanh",ĐỊA ĐIỂM KINH DOANH SỐ 8 - CÔNG TY TNHH NHÀ NƯỚC MỘT THÀNH VIÊN THƯƠNG MẠI VÀ XUẤT NHẬP KHẨU VIETTEL,0104831030-082,NGUYỄN VIỆT,"Số 514 đường Nguyễn Trãi, Phường Thanh Xuân Trung, Quận Thanh Xuân, Thành phố Hà Nội, Việt Nam"
https://masothue.com/0104831030-cong-ty-tnhh-nha-nuoc-mot-thanh-vien-thuong-mai-va-xuat-nhap-khau-viettel,0104831030,"Bán lẻ máy vi tính, thiết bị ngoại vi, phần mềm và thiết bị viễn thông trong các cửa hàng chuyên doanh",ĐIỂM KINH DOANH SỐ 2 - CÔNG TY TNHH NHÀ NƯỚC MỘT THÀNH VIÊN THƯƠNG MẠI VÀ XUẤT NHẬP KHẨU VIETTEL TẠI NINH BÌNH,0104831030-083,LÊ ANH TUẤN,"Số 26, phố Phú Vinh, Thị Trấn Phát Diệm, Huyện Kim Sơn, Tỉnh Ninh Bình, Việt Nam"
https://masothue.com/0104831030-cong-ty-tnhh-nha-nuoc-mot-thanh-vien-thuong-mai-va-xuat-nhap-khau-viettel,0104831030,"Bán lẻ máy vi tính, thiết bị ngoại vi, phần mềm và thiết bị viễn thông trong các cửa hàng chuyên doanh",ĐIỂM KINH DOANH-CHI NHÁNH CÔNG TY TNHH NHÀ NƯỚC MỘT THÀNH VIÊN THƯƠNG MẠI VÀ XUẤT NHẬP KHẨU VIETTEL TẠI NINH BÌNH,0104831030-084,NGUYỄN HỒNG THỊNH,"Tổ 13, Phường Bắc Sơn, Thành phố Tam Điệp, Tỉnh Ninh Bình, Việt Nam"
https://masothue.com/0104831030-cong-ty-tnhh-nha-nuoc-mot-thanh-vien-thuong-mai-va-xuat-nhap-khau-viettel,0104831030,"Bán lẻ máy vi tính, thiết bị ngoại vi, phần mềm và thiết bị viễn thông trong các cửa hàng chuyên doanh",ĐỊA ĐIỂM KINH DOANH SỐ 1 - CHI NHÁNH CÔNG TY TNHH NHÀ NƯỚC MỘT THÀNH VIÊN THƯƠNG MẠI VÀ XUẤT NHẬP KHẨU VIETTEL TẠI CAO BẰNG,0104831030-085,NGUYỄN THÙY DUNG,"Số nhà 102 phố giữa, Thị Trấn Nước Hai, Huyện Hoà An, Tỉnh Cao Bằng, Việt Nam"
https://masothue.com/0104831030-cong-ty-tnhh-nha-nuoc-mot-thanh-vien-thuong-mai-va-xuat-nhap-khau-viettel,0104831030,"Bán lẻ máy vi tính, thiết bị ngoại vi, phần mềm và thiết bị viễn thông trong các cửa hàng chuyên doanh",ĐỊA ĐIỂM KINH DOANH CHI NHÁNH CÔNG TY TNHH NHÀ NƯỚC MỘT THÀNH VIÊN THƯƠNG MẠI VÀ XUẤT NHẬP KHẨU VIETTEL TẠI THÁI NGUYÊN,0104831030-086,PHẠM KỲ ANH,"Số 120, đường Cách Mạng Tháng 8, tổ 10, Phường Thắng Lợi, Thành phố Sông Công, Tỉnh Thái Nguyên, Việt Nam"
https://masothue.com/0104831030-cong-ty-tnhh-nha-nuoc-mot-thanh-vien-thuong-mai-va-xuat-nhap-khau-viettel,0104831030,"Bán lẻ máy vi tính, thiết bị ngoại vi, phần mềm và thiết bị viễn thông trong các cửa hàng chuyên doanh",ĐỊA ĐIỂM KINH DOANH SỐ 2 - CHI NHÁNH CÔNG TY TNHH NHÀ NƯỚC MỘT THÀNH VIÊN THƯƠNG MẠI VÀ XUẤT NHẬP KHẨU VIETTEL TẠI THÁI NGUYÊN,0104831030-087,TRỊNH TÂN HƯƠNG,"Số 355, đường Lương Ngọc Quyến, Phường Hoàng Văn Thụ, Thành phố Thái Nguyên, Tỉnh Thái Nguyên, Việt Nam"
https://masothue.com/0104831030-cong-ty-tnhh-nha-nuoc-mot-thanh-vien-thuong-mai-va-xuat-nhap-khau-viettel,0104831030,"Bán lẻ máy vi tính, thiết bị ngoại vi, phần mềm và thiết bị viễn thông trong các cửa hàng chuyên doanh",ĐỊA ĐIỂM KINH DOANH SỐ 1 - CHI NHÁNH CÔNG TY TNHH NHÀ NƯỚC MỘT THÀNH VIÊN THƯƠNG MẠI VÀ XUẤT NHẬP KHẨU VIETTEL TẠI THÁI BÌNH,0104831030-088,TRẦN MẠNH HÙNG,"Số 101, phố Tiểu Hoàng, Thị Trấn Tiền Hải, Huyện Tiền Hải, Tỉnh Thái Bình, Việt Nam"
https://masothue.com/0104831030-cong-ty-tnhh-nha-nuoc-mot-thanh-vien-thuong-mai-va-xuat-nhap-khau-viettel,0104831030,"Bán lẻ máy vi tính, thiết bị ngoại vi, phần mềm và thiết bị viễn thông trong các cửa hàng chuyên doanh",ĐỊA ĐIỂM KINH DOANH SỐ 2 - CHI NHÁNH CÔNG TY TNHH NHÀ NƯỚC MỘT THÀNH VIÊN THƯƠNG MẠI VÀ XUẤT NHẬP KHẨU VIETTEL TẠI THÁI NGUYÊN,0104831030-089,PHẠM KỲ ANH,"Số 355, đường Lương Ngọc Quyến, Phường Hoàng Văn Thụ, Thành phố Thái Nguyên, Tỉnh Thái Nguyên, Việt Nam"
https://masothue.com/0104831030-cong-ty-tnhh-nha-nuoc-mot-thanh-vien-thuong-mai-va-xuat-nhap-khau-viettel,0104831030,"Bán lẻ máy vi tính, thiết bị ngoại vi, phần mềm và thiết bị viễn thông trong các cửa hàng chuyên doanh",CHI NHÁNH CÔNG TY TNHH NHÀ NƯỚC MỘT THÀNH VIÊN THƯƠNG MẠI VÀ XUẤT NHẬP KHẨU VIETTEL - TRUNG TÂM PHÂN PHỐI,0104831030-090,PHẠM TIẾN TUYỀN,"Số 01, ngõ 11 phố Duy Tân, Phường Dịch Vọng Hậu, Quận Cầu Giấy, Thành phố Hà Nội, Việt Nam"
https://masothue.com/0104831030-cong-ty-tnhh-nha-nuoc-mot-thanh-vien-thuong-mai-va-xuat-nhap-khau-viettel,0104831030,"Bán lẻ máy vi tính, thiết bị ngoại vi, phần mềm và thiết bị viễn thông trong các cửa hàng chuyên doanh",CHI NHÁNH CÔNG TY TNHH NHÀ NƯỚC MỘT THÀNH VIÊN THƯƠNG MẠI VÀ XUẤT NHẬP KHẨU VIETTEL - TRUNG TÂM BÁN LẺ,0104831030-091,ĐINH THỊ DUNG,"Tòa nhà Hương Giang, số 1, ngõ 11 Duy Tân, Phường Dịch Vọng Hậu, Quận Cầu Giấy, Thành phố Hà Nội, Việt Nam"
https://masothue.com/0104831030-cong-ty-tnhh-nha-nuoc-mot-thanh-vien-thuong-mai-va-xuat-nhap-khau-viettel,0104831030,"Bán lẻ máy vi tính, thiết bị ngoại vi, phần mềm và thiết bị viễn thông trong các cửa hàng chuyên doanh",NHÀ MÁY IN VIETTEL - CHI NHÁNH CÔNG TY TNHH NHÀ NƯỚC MỘT THÀNH VIÊN THƯƠNG MẠI VÀ XUẤT NHẬP KHẨU VIETTEL,0104831030-092,PHẠM VĂN HÙNG,"Lô B2-03-2, khu công nghiệp Nam Thăng Long, Phường Thụy Phương, Quận Bắc Từ Liêm, Thành phố Hà Nội, Việt Nam"
https://masothue.com/0104831030-cong-ty-tnhh-nha-nuoc-mot-thanh-vien-thuong-mai-va-xuat-nhap-khau-viettel,0104831030,"Bán lẻ máy vi tính, thiết bị ngoại vi, phần mềm và thiết bị viễn thông trong các cửa hàng chuyên doanh",ĐỊA ĐIỂM KINH DOANH SỐ 11 - CÔNG TY TNHH NHÀ NƯỚC MỘT THÀNH VIÊN THƯƠNG MẠI VÀ XUẤT NHẬP KHẨU VIETTE,0104831030-093,,"Lô 23B2, Trung Tâm Thương Mại Vĩnh Thạnh - Thị trấn Thạnh An - Huyện Vĩnh Thạnh - Cần Thơ."
https://masothue.com/0104831030-cong-ty-tnhh-nha-nuoc-mot-thanh-vien-thuong-mai-va-xuat-nhap-khau-viettel,0104831030,"Bán lẻ máy vi tính, thiết bị ngoại vi, phần mềm và thiết bị viễn thông trong các cửa hàng chuyên doanh",ĐỊA ĐIỂM KINH DOANH SỐ 10 - CÔNG TY TNHH NHÀ NƯỚC MỘT THÀNH VIÊN THƯƠNG MẠI VÀ XUẤT NHẬP KHẨU VIETTE,0104831030-094,,"Số 164/2B, đường QL 1A, KV Yên Hòa - Phường Lê Bình - Quận Cái Răng - Cần Thơ."
https://masothue.com/0104831030-cong-ty-tnhh-nha-nuoc-mot-thanh-vien-thuong-mai-va-xuat-nhap-khau-viettel,0104831030,"Bán lẻ máy vi tính, thiết bị ngoại vi, phần mềm và thiết bị viễn thông trong các cửa hàng chuyên doanh",ĐỊA ĐIỂM KINH DOANH SỐ 05-CÔNG TY TNHH NHÀ NƯỚC MỘT THÀNH VIÊN THƯƠNG MẠI VÀ XUẤT NHẬP KHẨU VIETTEL,0104831030-097,,ấp Thới Thuận A - Thị Trấn Thới Lai - Huyện Thới Lai - Cần Thơ.
https://masothue.com/0104831030-cong-ty-tnhh-nha-nuoc-mot-thanh-vien-thuong-mai-va-xuat-nhap-khau-viettel,0104831030,"Bán lẻ máy vi tính, thiết bị ngoại vi, phần mềm và thiết bị viễn thông trong các cửa hàng chuyên doanh",ĐỊA ĐIỂM KINH DOANH SỐ 09 - CÔNG TY TNHH NHÀ NƯỚC MỘT THÀNH VIÊN THƯƠNG MẠI VÀ XUẤT NHẬP KHẨU VIETTE,0104831030-099,,"Số 478, Quốc Lộ 91 - Phường Thốt Nốt - Quận Thốt Nốt - Cần Thơ."
https://masothue.com/0104831030-cong-ty-tnhh-nha-nuoc-mot-thanh-vien-thuong-mai-va-xuat-nhap-khau-viettel,0104831030,"Bán lẻ máy vi tính, thiết bị ngoại vi, phần mềm và thiết bị viễn thông trong các cửa hàng chuyên doanh",ĐỊA ĐIỂM KINH DOANH SỐ 15 - CÔNG TY TNHH NHÀ NƯỚC MỘT THÀNH VIÊN THƯƠNG MẠI VÀ XUẤT NHẬP KHẨU VIETTE,0104831030-101,,"209, đường 3 tháng 2 - Phường Hưng Lợi - Quận Ninh Kiều - Cần Thơ."
https://masothue.com/0104831030-cong-ty-tnhh-nha-nuoc-mot-thanh-vien-thuong-mai-va-xuat-nhap-khau-viettel,0104831030,"Bán lẻ máy vi tính, thiết bị ngoại vi, phần mềm và thiết bị viễn thông trong các cửa hàng chuyên doanh",ĐỊA ĐIỂM KINH DOANH SỐ 02-CÔNG TY TNHH NHÀ NƯỚC MỘT THÀNH VIÊN THƯƠNG MẠI VÀ XUẤT NHẬP KHẨU VIETTEL,0104831030-105,,Số 224 đường 30/4 - Phường Hưng Lợi - Quận Ninh Kiều - Cần Thơ.
https://masothue.com/0104831030-cong-ty-tnhh-nha-nuoc-mot-thanh-vien-thuong-mai-va-xuat-nhap-khau-viettel,0104831030,"Bán lẻ máy vi tính, thiết bị ngoại vi, phần mềm và thiết bị viễn thông trong các cửa hàng chuyên doanh",ĐỊA ĐIỂM KINH DOANH SỐ 08-CÔNG TY TNHH NHÀ NƯỚC MỘT THÀNH VIÊN THƯƠNG MẠI VÀ XUẤT NHẬP KHẨU VIETTEL,0104831030-107,,Số 616/6 đường 26/3 - Phường Châu Văn Liêm - Quận Ô Môn - Cần Thơ.
https://masothue.com/0104831030-cong-ty-tnhh-nha-nuoc-mot-thanh-vien-thuong-mai-va-xuat-nhap-khau-viettel,0104831030,"Bán lẻ máy vi tính, thiết bị ngoại vi, phần mềm và thiết bị viễn thông trong các cửa hàng chuyên doanh",CHI NHÁNH CÔNG TY TNHH NHÀ NƯỚC 1TV TM VÀ XNK VIETTEL (ĐỊA ĐIỂM KINH DOANH),0104831030-108,Vũ Tam Hòa,"Số nhà 84, Tổ 4 - Thị trấn Việt Quang - Huyện Bắc Quang - Hà Giang."
https://masothue.com/0104831030-cong-ty-tnhh-nha-nuoc-mot-thanh-vien-thuong-mai-va-xuat-nhap-khau-viettel,0104831030,"Bán lẻ máy vi tính, thiết bị ngoại vi, phần mềm và thiết bị viễn thông trong các cửa hàng chuyên doanh",CHI NHÁNH CÔNG TY TNHH NHÀ NƯỚC 1 TV TM VÀ XNK VIETTEL (ĐỊA ĐIỂM KINH DOANH),0104831030-109,Vũ Tam Hòa,SN 801 Tổ 3 - Thị trấn Yên Phú - Huyện Bắc Mê - Hà Giang.
https://masothue.com/0104831030-cong-ty-tnhh-nha-nuoc-mot-thanh-vien-thuong-mai-va-xuat-nhap-khau-viettel,0104831030,"Bán lẻ máy vi tính, thiết bị ngoại vi, phần mềm và thiết bị viễn thông trong các cửa hàng chuyên doanh",CHI NHÁNH CÔNG TY TNHH NHÀ NƯỚC 1 TV TM VÀ XNK VIETTEL (ĐỊA ĐIỂM KINH DOANH),0104831030-110,Vũ Tam Hòa,Tổ 7 - Thị trấn Vị Xuyên - Huyện Vị Xuyên - Hà Giang.
https://masothue.com/0104831030-cong-ty-tnhh-nha-nuoc-mot-thanh-vien-thuong-mai-va-xuat-nhap-khau-viettel,0104831030,"Bán lẻ máy vi tính, thiết bị ngoại vi, phần mềm và thiết bị viễn thông trong các cửa hàng chuyên doanh",CHI NHÁNH CÔNG TY TNHH NHÀ NƯỚC 1 TV TM VÀ XNK VIETTEL (ĐỊA ĐIỂM KINH DOANH),0104831030-111,Vũ Tam Hoà,"Số 288, đường Trần Phú Tổ 5 - Phường Trần Phú - TP Hà Giang - Hà Giang."
https://masothue.com/0104831030-cong-ty-tnhh-nha-nuoc-mot-thanh-vien-thuong-mai-va-xuat-nhap-khau-viettel,0104831030,"Bán lẻ máy vi tính, thiết bị ngoại vi, phần mềm và thiết bị viễn thông trong các cửa hàng chuyên doanh",CHI NHÁNH CÔNG TY TNHH 1TV TM VÀ XNK VIETTEL (ĐỊA ĐIỂM KINH DOANH),0104831030-112,Vũ Tam Hòa,SN 26A đường Trần Phú Tổ 5 - Phường Minh Khai - TP Hà Giang - Hà Giang.
https://masothue.com/0104831030-cong-ty-tnhh-nha-nuoc-mot-thanh-vien-thuong-mai-va-xuat-nhap-khau-viettel,0104831030,"Bán lẻ máy vi tính, thiết bị ngoại vi, phần mềm và thiết bị viễn thông trong các cửa hàng chuyên doanh",CHI NHÁNH CÔNG TY TNHH NHÀ NƯỚC TV TM VÀ XNK VIETTEL (ĐỊA ĐIỂM KINH DOANH),0104831030-113,Vũ Tam Hòa,Tổ 10 - Phường Nguyễn Trãi - TP Hà Giang - Hà Giang.
https://masothue.com/0104831030-cong-ty-tnhh-nha-nuoc-mot-thanh-vien-thuong-mai-va-xuat-nhap-khau-viettel,0104831030,"Bán lẻ máy vi tính, thiết bị ngoại vi, phần mềm và thiết bị viễn thông trong các cửa hàng chuyên doanh",CHI NHÁNH CÔNG TY TNHH NHÀ NƯỚC 1TV TM VÀ XNK VIETTEL (ĐỊA ĐIỂM KINH DOANH),0104831030-114,Vũ Tam Hòa,thôn Phố Mới - Xã Yên Bình - Huyện Quang Bình - Hà Giang.
https://masothue.com/0104831030-cong-ty-tnhh-nha-nuoc-mot-thanh-vien-thuong-mai-va-xuat-nhap-khau-viettel,0104831030,"Bán lẻ máy vi tính, thiết bị ngoại vi, phần mềm và thiết bị viễn thông trong các cửa hàng chuyên doanh",CHI NHÁNH CÔNG TY TNHH NHÀ NƯỚC 1 TV TM VÀ XNK VIETTEL (ĐỊA ĐIỂM KINH DOANH),0104831030-115,Vũ Tam Hòa,Tổ 3 - Thị trấn Vinh Quang - Huyện Hoàng Su Phì - Hà Giang.
https://masothue.com/0104831030-cong-ty-tnhh-nha-nuoc-mot-thanh-vien-thuong-mai-va-xuat-nhap-khau-viettel,0104831030,"Bán lẻ máy vi tính, thiết bị ngoại vi, phần mềm và thiết bị viễn thông trong các cửa hàng chuyên doanh",CHI NHÁNH CÔNG TY TNHH NHÀ NƯỚC 1 TV TM VÀ XNK VIETTEL (ĐỊA ĐIỂM KINH DOANH),0104831030-116,Vũ Tam Hòa,"SN 67, Tổ 3 - Thị trấn Cốc Pài - Huyện Xín Mần - Hà Giang."
https://masothue.com/0104831030-cong-ty-tnhh-nha-nuoc-mot-thanh-vien-thuong-mai-va-xuat-nhap-khau-viettel,0104831030,"Bán lẻ máy vi tính, thiết bị ngoại vi, phần mềm và thiết bị viễn thông trong các cửa hàng chuyên doanh",CHI NHÁNH CÔNG TY TNHH NHÀ NƯỚC 1 TV TM VÀ XNK VIETTEL (ĐỊA ĐIỂM KINH DOANH),0104831030-117,Vũ Tam Hòa,Tổ 02 - Thị trấn Tam Sơn - Huyện Quản Bạ - Hà Giang.
https://masothue.com/0104831030-cong-ty-tnhh-nha-nuoc-mot-thanh-vien-thuong-mai-va-xuat-nhap-khau-viettel,0104831030,"Bán lẻ máy vi tính, thiết bị ngoại vi, phần mềm và thiết bị viễn thông trong các cửa hàng chuyên doanh",CHI NHÁNH CÔNG TY TNHH NHÀ NƯỚC 1 TV TM VÀ XNK VIETTEL (ĐỊA ĐIỂM KINH DOANH),0104831030-118,Vũ Tam Hòa,"SN 41, Tổ 2 - Thị trấn Yên Minh - Huyện Yên Minh - Hà Giang."
https://masothue.com/0104831030-cong-ty-tnhh-nha-nuoc-mot-thanh-vien-thuong-mai-va-xuat-nhap-khau-viettel,0104831030,"Bán lẻ máy vi tính, thiết bị ngoại vi, phần mềm và thiết bị viễn thông trong các cửa hàng chuyên doanh",CHI NHÁNH CÔNG TY TNHH NHÀ NƯỚC 1 TV TM VÀ XNK VIETTEL (ĐỊA ĐIỂM KINH DOANH),0104831030-119,Vũ Tam Hòa,"SN 18, Tổ 3 - Thị trấn Đồng Văn - Huyện Đồng Văn - Hà Giang."
https://masothue.com/0104831030-cong-ty-tnhh-nha-nuoc-mot-thanh-vien-thuong-mai-va-xuat-nhap-khau-viettel,0104831030,"Bán lẻ máy vi tính, thiết bị ngoại vi, phần mềm và thiết bị viễn thông trong các cửa hàng chuyên doanh",CHI NHÁNH CÔNG TY TNHH NHÀ NƯỚC 1TV TM VÀ XNK VIETTEL (ĐỊA ĐIỂM KINH DOANH),0104831030-120,Vũ Tam Hòa,"SN 07A, đường Minh Khai, Tổ 2 - Thị trấn Mèo Vạc - Huyện Mèo Vạc - Hà Giang."
https://masothue.com/0104831030-cong-ty-tnhh-nha-nuoc-mot-thanh-vien-thuong-mai-va-xuat-nhap-khau-viettel,0104831030,"Bán lẻ máy vi tính, thiết bị ngoại vi, phần mềm và thiết bị viễn thông trong các cửa hàng chuyên doanh",ĐỊA ĐIỂM KINH DOANH SỐ 12 - CHI NHÁNH CÔNG TY TNHH NHÀ NƯỚC MỘT THÀNH VIÊN THƯƠNG MẠI VÀ XUẤT NHẬP K,0104831030-121,Vũ Tam Hòa,Số 2 Lạch Tray - Phường Lạch Tray - Quận Ngô Quyền - Hải Phòng.
https://masothue.com/0104831030-cong-ty-tnhh-nha-nuoc-mot-thanh-vien-thuong-mai-va-xuat-nhap-khau-viettel,0104831030,"Bán lẻ máy vi tính, thiết bị ngoại vi, phần mềm và thiết bị viễn thông trong các cửa hàng chuyên doanh",ĐỊA ĐIỂM KINH DOANH SỐ 11 - CHI NHÁNH CÔNG TY TNHH NHÀ NƯỚC MỘT THÀNH VIÊN THƯƠNG MẠI VÀ XUẤT NHẬP K,0104831030-122,Vũ Tam Hòa,Số 936 Phạm Văn Đồng - Phường Hoà Nghĩa - Quận Dương Kinh - Hải Phòng.
https://masothue.com/0104831030-cong-ty-tnhh-nha-nuoc-mot-thanh-vien-thuong-mai-va-xuat-nhap-khau-viettel,0104831030,"Bán lẻ máy vi tính, thiết bị ngoại vi, phần mềm và thiết bị viễn thông trong các cửa hàng chuyên doanh",ĐỊA ĐIỂM KINH DOANH SỐ 10 - CHI NHÁNH CÔNG TY TNHH NHÀ NƯỚC MỘT THÀNH VIÊN THƯƠNG MẠI VÀ XUẤT NHẬP K,0104831030-123,Vũ Tam Hòa,Số 220 Trần Thành Ngọ - Phường Trần Thành Ngọ - Quận Kiến An - Hải Phòng.
https://masothue.com/0104831030-cong-ty-tnhh-nha-nuoc-mot-thanh-vien-thuong-mai-va-xuat-nhap-khau-viettel,0104831030,"Bán lẻ máy vi tính, thiết bị ngoại vi, phần mềm và thiết bị viễn thông trong các cửa hàng chuyên doanh",ĐỊA ĐIỂM KINH DOANH SỐ 22 - CHI NHÁNH CÔNG TY TNHH NHÀ NƯỚC MỘT THÀNH VIÊN THƯƠNG MẠI VÀ XUẤT NHẬP K,0104831030-124,Vũ Tam Hòa,Số 7 khu 2 - Thị trấn Tiên Lãng - Huyện Tiên Lãng - Hải Phòng.
https://masothue.com/0104831030-cong-ty-tnhh-nha-nuoc-mot-thanh-vien-thuong-mai-va-xuat-nhap-khau-viettel,0104831030,"Bán lẻ máy vi tính, thiết bị ngoại vi, phần mềm và thiết bị viễn thông trong các cửa hàng chuyên doanh",ĐỊA ĐIỂM KINH DOANH SỐ 07 - CHI NHÁNH CÔNG TY TNHH NHÀ NƯỚC MỘT THÀNH VIÊN THƯƠNG MẠI VÀ XUẤT NHẬP K,0104831030-125,Vũ Tam Hòa,Số 261 đường Hoàng Quốc Việt - Phường Ngọc Sơn - Quận Kiến An - Hải Phòng.
https://masothue.com/0104831030-cong-ty-tnhh-nha-nuoc-mot-thanh-vien-thuong-mai-va-xuat-nhap-khau-viettel,0104831030,"Bán lẻ máy vi tính, thiết bị ngoại vi, phần mềm và thiết bị viễn thông trong các cửa hàng chuyên doanh",ĐỊA ĐIỂM KINH DOANH SỐ 21 - CHI NHÁNH CÔNG TY TNHH NHÀ NƯỚC MỘT THÀNH VIÊN THƯƠNG MẠI VÀ XUẤT NHẬP K,0104831030-126,Vũ Tam Hòa,Số 42 Khu phố 1/5 - Thị trấn Vĩnh Bảo - Huyện Vĩnh Bảo - Hải Phòng.
https://masothue.com/0104831030-cong-ty-tnhh-nha-nuoc-mot-thanh-vien-thuong-mai-va-xuat-nhap-khau-viettel,0104831030,"Bán lẻ máy vi tính, thiết bị ngoại vi, phần mềm và thiết bị viễn thông trong các cửa hàng chuyên doanh",ĐỊA ĐIỂM KINH DOANH SỐ 15 - CHI NHÁNH CÔNG TY TNHH NHÀ NƯỚC MỘT THÀNH VIÊN THƯƠNG MẠI VÀ XUẤT NHẬP K,0104831030-127,Vũ Tam Hòa,Số 260 Lý Thánh Tông - Phường Ngọc Hải - Quận Đồ Sơn - Hải Phòng.
https://masothue.com/0104831030-cong-ty-tnhh-nha-nuoc-mot-thanh-vien-thuong-mai-va-xuat-nhap-khau-viettel,0104831030,"Bán lẻ máy vi tính, thiết bị ngoại vi, phần mềm và thiết bị viễn thông trong các cửa hàng chuyên doanh",ĐỊA ĐIỂM KINH DOANH SỐ 23 - CHI NHÁNH CÔNG TY TNHH NHÀ NƯỚC MỘT THÀNH VIÊN THƯƠNG MẠI VÀ XUẤT NHẬP K,0104831030-128,Vũ Tam Hòa,Số 83 đường Bạch Đằng - Phường Hạ Lý - Quận Hồng Bàng - Hải Phòng.
https://masothue.com/0104831030-cong-ty-tnhh-nha-nuoc-mot-thanh-vien-thuong-mai-va-xuat-nhap-khau-viettel,0104831030,"Bán lẻ máy vi tính, thiết bị ngoại vi, phần mềm và thiết bị viễn thông trong các cửa hàng chuyên doanh",ĐỊA ĐIỂM KINH DOANH SỐ 06 - CHI NHÁNH CÔNG TY TNHH NHÀ NƯỚC MỘT THÀNH VIÊN THƯƠNG MẠI VÀ XUẤT NHẬP K,0104831030-129,Vũ Tam Hòa,Số 104 đường Hùng Vương - Phường Quán Toan - Quận Hồng Bàng - Hải Phòng.
https://masothue.com/0104831030-cong-ty-tnhh-nha-nuoc-mot-thanh-vien-thuong-mai-va-xuat-nhap-khau-viettel,0104831030,"Bán lẻ máy vi tính, thiết bị ngoại vi, phần mềm và thiết bị viễn thông trong các cửa hàng chuyên doanh",ĐỊA ĐIỂM KINH DOANH SỐ 4 - CHI NHÁNH CÔNG TY TNHH NHÀ NƯỚC MỘT THÀNH VIÊN THƯƠNG MẠI VÀ XUẤT NHẬP KH,0104831030-130,Vũ Tam Hòa,Số 2 đường Đà Nẵng - Phường Máy Tơ - Quận Ngô Quyền - Hải Phòng.
https://masothue.com/0104831030-cong-ty-tnhh-nha-nuoc-mot-thanh-vien-thuong-mai-va-xuat-nhap-khau-viettel,0104831030,"Bán lẻ máy vi tính, thiết bị ngoại vi, phần mềm và thiết bị viễn thông trong các cửa hàng chuyên doanh",ĐỊA ĐIỂM KINH DOANH SỐ 13 - CHI NHÁNH CÔNG TY TNHH NHÀ NƯỚC MỘT THÀNH VIÊN THƯƠNG MẠI VÀ XUẤT NHẬP K,0104831030-131,Vũ Tam Hòa,Số 392 Tô Hiệu - Phường Hồ Nam - Quận Lê Chân - Hải Phòng.
https://masothue.com/0104831030-cong-ty-tnhh-nha-nuoc-mot-thanh-vien-thuong-mai-va-xuat-nhap-khau-viettel,0104831030,"Bán lẻ máy vi tính, thiết bị ngoại vi, phần mềm và thiết bị viễn thông trong các cửa hàng chuyên doanh",ĐỊA ĐIỂM KINH DOANH SỐ 14 - CHI NHÁNH CÔNG TY TNHH NHÀ NƯỚC MỘT THÀNH VIÊN THƯƠNG MẠI VÀ XUẤT NHẬP K,0104831030-132,Vũ Tam Hòa,Số 1 đường Hà Nội - Phường Thượng Lý - Quận Hồng Bàng - Hải Phòng.
https://masothue.com/0104831030-cong-ty-tnhh-nha-nuoc-mot-thanh-vien-thuong-mai-va-xuat-nhap-khau-viettel,0104831030,"Bán lẻ máy vi tính, thiết bị ngoại vi, phần mềm và thiết bị viễn thông trong các cửa hàng chuyên doanh",ĐỊA ĐIỂM KINH DOANH SỐ 16 - CHI NHÁNH CÔNG TY TNHH NHÀ NƯỚC MỘT THÀNH VIÊN THƯƠNG MẠI VÀ XUẤT NHẬP K,0104831030-133,Vũ Tam Hòa,Số 80C Cầu Đen - Thị trấn Núi Đối - Huyện Kiến Thuỵ - Hải Phòng.
https://masothue.com/0104831030-cong-ty-tnhh-nha-nuoc-mot-thanh-vien-thuong-mai-va-xuat-nhap-khau-viettel,0104831030,"Bán lẻ máy vi tính, thiết bị ngoại vi, phần mềm và thiết bị viễn thông trong các cửa hàng chuyên doanh",ĐỊA ĐIỂM KINH DOANH SỐ 17 - CHI NHÁNH CÔNG TY TNHH NHÀ NƯỚC MỘT THÀNH VIÊN THƯƠNG MẠI VÀ XUẤT NHẬP K,0104831030-134,Vũ Tam Hòa,Số 145 Phố Mới - Xã Thuỷ Sơn - Huyện Thuỷ Nguyên - Hải Phòng.
https://masothue.com/0104831030-cong-ty-tnhh-nha-nuoc-mot-thanh-vien-thuong-mai-va-xuat-nhap-khau-viettel,0104831030,"Bán lẻ máy vi tính, thiết bị ngoại vi, phần mềm và thiết bị viễn thông trong các cửa hàng chuyên doanh",ĐỊA ĐIỂM KINH DOANH SỐ 08 - CHI NHÁNH CÔNG TY TNHH NHÀ NƯỚC MỘT THÀNH VIÊN THƯƠNG MẠI VÀ XUẤT NHẬP K,0104831030-135,Vũ Tam Hòa,Khu phố Tân Hoà - Thị trấn Vĩnh Bảo - Huyện Vĩnh Bảo - Hải Phòng.
https://masothue.com/0104831030-cong-ty-tnhh-nha-nuoc-mot-thanh-vien-thuong-mai-va-xuat-nhap-khau-viettel,0104831030,"Bán lẻ máy vi tính, thiết bị ngoại vi, phần mềm và thiết bị viễn thông trong các cửa hàng chuyên doanh",ĐỊA ĐIỂM KINH DOANH SỐ 20 - CHI NHÁNH CÔNG TY TNHH NHÀ NƯỚC MỘT THÀNH VIÊN THƯƠNG MẠI VÀ XUẤT NHẬP K,0104831030-136,Vũ Tam Hòa,Số 32 Ngô Quyền - Thị trấn An Lão - Huyện An Lão - Hải Phòng.
https://masothue.com/0104831030-cong-ty-tnhh-nha-nuoc-mot-thanh-vien-thuong-mai-va-xuat-nhap-khau-viettel,0104831030,"Bán lẻ máy vi tính, thiết bị ngoại vi, phần mềm và thiết bị viễn thông trong các cửa hàng chuyên doanh",ĐỊA ĐIỂM KINH DOANH SỐ 19 - CHI NHÁNH CÔNG TY TNHH NHÀ NƯỚC MỘT THÀNH VIÊN THƯƠNG MẠI VÀ XUẤT NHẬP K,0104831030-137,Vũ Tam Hòa,Số 217 đường 1/4 - Thị trấn Cát Bà - Huyện Cát Hải - Hải Phòng.
https://masothue.com/0104831030-cong-ty-tnhh-nha-nuoc-mot-thanh-vien-thuong-mai-va-xuat-nhap-khau-viettel,0104831030,"Bán lẻ máy vi tính, thiết bị ngoại vi, phần mềm và thiết bị viễn thông trong các cửa hàng chuyên doanh",ĐỊA ĐIỂM KINH DOANH SỐ 09 - CHI NHÁNH CÔNG TY TNHH NHÀ NƯỚC MỘT THÀNH VIÊN THƯƠNG MẠI VÀ XUẤT NHẬP K,0104831030-138,Vũ Tam Hòa,Số 223 đường Lạch Tray - Phường Đổng Quốc Bình - Quận Ngô Quyền - Hải Phòng.
https://masothue.com/0104831030-cong-ty-tnhh-nha-nuoc-mot-thanh-vien-thuong-mai-va-xuat-nhap-khau-viettel,0104831030,"Bán lẻ máy vi tính, thiết bị ngoại vi, phần mềm và thiết bị viễn thông trong các cửa hàng chuyên doanh",ĐỊA ĐIỂM KINH DOANH SỐ 18 - CHI NHÁNH CÔNG TY TNHH NHÀ NƯỚC MỘT THÀNH VIÊN THƯƠNG MẠI VÀ XUẤT NHẬP K,0104831030-139,Vũ Tam Hòa,Số 79 đường 351 Tổ 4 - Thị trấn An Dương - Huyện An Dương - Hải Phòng.
https://masothue.com/0104831030-cong-ty-tnhh-nha-nuoc-mot-thanh-vien-thuong-mai-va-xuat-nhap-khau-viettel,0104831030,"Bán lẻ máy vi tính, thiết bị ngoại vi, phần mềm và thiết bị viễn thông trong các cửa hàng chuyên doanh",ĐỊA ĐIỂM KINH DOANH SỐ 24 - CHI NHÁNH CÔNG TY TNHH NHÀ NƯỚC MỘT THÀNH VIÊN THƯƠNG MẠI VÀ XUẤT NHẬP K,0104831030-140,Vũ Tam Hòa,Số 167-167A Trần Nguyên Hãn - Phường Trần Nguyên Hãn - Quận Lê Chân - Hải Phòng.
https://masothue.com/0104831030-cong-ty-tnhh-nha-nuoc-mot-thanh-vien-thuong-mai-va-xuat-nhap-khau-viettel,0104831030,"Bán lẻ máy vi tính, thiết bị ngoại vi, phần mềm và thiết bị viễn thông trong các cửa hàng chuyên doanh",CHI NHÁNH CÔNG TY TNHH NHÀ NƯỚC MỘT THÀNH VIÊN THƯƠNG MẠI VÀ XUẤT NHẬP KHẨU VIETTEL- TRUNG TÂM DỊCH VỤ CÔNG NGHỆ THÔNG TIN,0104831030-141,NGUYỄN ANH TUẤN,"Tòa nhà Hương Giang, Số 1, Ngõ 11, Phố Duy Tân, Phường Dịch Vọng Hậu, Quận Cầu Giấy, Thành phố Hà Nội, Việt Nam"
https://masothue.com/0104831030-cong-ty-tnhh-nha-nuoc-mot-thanh-vien-thuong-mai-va-xuat-nhap-khau-viettel,0104831030,"Bán lẻ máy vi tính, thiết bị ngoại vi, phần mềm và thiết bị viễn thông trong các cửa hàng chuyên doanh",ĐỊA ĐIỂM KINH DOANH SỐ 1-ĐẮK NÔNG-CN CTY TNHH NHÀ NƯỚC MTV TM VÀ XNK VIETTEL-TRUNG TÂM BÁN LẺ,0104831030-142,Đinh Thị Dung,"Số 155B, đường Huỳnh Thúc Kháng - Phường Nghĩa Thành - Thành phố Gia Nghĩa - Đắk Nông."
https://masothue.com/0104831030-cong-ty-tnhh-nha-nuoc-mot-thanh-vien-thuong-mai-va-xuat-nhap-khau-viettel,0104831030,"Bán lẻ máy vi tính, thiết bị ngoại vi, phần mềm và thiết bị viễn thông trong các cửa hàng chuyên doanh",ĐỊA ĐIỂM KINH DOANH SỐ 2-ĐĂK NÔNG-CN CTY TNHH NHÀ NƯỚC MTV TM VÀ XNK VIETTEL-TRUNG TÂM BÁN LẺ,0104831030-143,Đinh Thị Dung,Số 20-22 Nguyễn Tất Thành - Thị trấn Đắk Mil - Huyện Đắk Mil - Đắk Nông.
https://masothue.com/0500141369-cong-ty-tnhh-mot-thanh-vien-tong-cong-ty-san-xuat-thiet-bi-viettel,0500141369,Sản xuất thiết bị truyền thông,,,,
https://masothue.com/0500589150-cong-ty-tnhh-viettel-cht,0500589150,Hoạt động dịch vụ công nghệ thông tin và dịch vụ khác liên quan đến máy vi tính,CÔNG TY TNHH VIETTEL - CHT CHI NHÁNH BÌNH DƯƠNG,0500589150-001,Phạm Văn Khuê,Đường ĐT 743 Khu phố Đồng An - Phường Bình Hòa - Thành phố Thuận An - Bình Dương.
https://masothue.com/2801045888-cong-ty-tnhh-mot-thanh-vien-dau-tu-cong-nghe-viettel,2801045888,Hoạt động dịch vụ công nghệ thông tin và dịch vụ khác liên quan đến máy vi tính,,,,
https://masothue.com/0108222907-cong-ty-tnhh-bkav-smarthome-global,0108222907,Sản xuất sản phẩm điện tử dân dụng,,,,
https://masothue.com/0105416171-cong-ty-tnhh-cung-cap-giai-phap-dich-vu-gia-tri-gia-tang,0105416171,Cổng thông tin,CHI NHÁNH CÔNG TY TNHH CUNG CẤP GIẢI PHÁP DỊCH VỤ GIÁ TRỊ GIA TĂNG,0105416171-001,ĐẶNG ĐỨC CƯỜNG,"Số 124 đường Hoàng Quốc Việt, Phường Nghĩa Tân, Quận Cầu Giấy, Thành phố Hà Nội, Việt Nam"
https://masothue.com/0100113487-cong-ty-tnhh-mot-thanh-vien-co-khi-dien-dien-tu-tau-thuy,0100113487,Sản xuất thiết bị điện khác,CN CÔNG TY CƠ KHÍ - ĐIỆN - ĐIỆN TỬ TÀU THỦY TẠI MIỀN TRUNG,0100113487-001,Vũ Hữu Nam,32 Phan Bội Châu - - Quận Hải Châu - Đà Nẵng.
https://masothue.com/0100113487-cong-ty-tnhh-mot-thanh-vien-co-khi-dien-dien-tu-tau-thuy,0100113487,Sản xuất thiết bị điện khác,CHI NHÁNH CÔNG TY TNHH MỘT THÀNH VIÊN CƠ KHÍ - ĐIỆN - ĐIỆN TỬ TÀU THỦY,0100113487-002,LÊ PHI HÙNG,"54 Hoàng Diệu, Phường 13, Quận 4, Thành phố Hồ Chí Minh, Việt Nam"
https://masothue.com/0100113487-cong-ty-tnhh-mot-thanh-vien-co-khi-dien-dien-tu-tau-thuy,0100113487,Sản xuất thiết bị điện khác,CHI NHÁNH CÔNG TY CƠ KHÍ - ĐIỆN - ĐIỆN TỬ TÀU THỦY,0100113487-003,Lê Phi Hùng,Số 27B Nguyễn Hiền - Phường 2 - Thành Phố Vũng Tàu - Bà Rịa - Vũng Tàu.
https://masothue.com/0100113487-cong-ty-tnhh-mot-thanh-vien-co-khi-dien-dien-tu-tau-thuy,0100113487,Sản xuất thiết bị điện khác,XÍ NGHIỆP CƠ KHÍ HOÁ CHẤT,0100113487-005,BÙI MINH ĐỨC,"Tổ 6, Phường Láng Thượng, Quận Đống Đa, Thành phố Hà Nội, Việt Nam"
https://masothue.com/0100113487-cong-ty-tnhh-mot-thanh-vien-co-khi-dien-dien-tu-tau-thuy,0100113487,Sản xuất thiết bị điện khác,XÍ NGHIỆP CHẾ TẠO THIẾT BỊ TÀU THỦY - CHI NHÁNH CÔNG TY TNHH MỘT THÀNH VIÊN CƠ KHÍ - ĐIỆN - ĐIỆN TỬ TÀU THỦY,0100113487-006,TRẦN TRƯỜNG THÀNH,"213 Nguyễn Khang, Phường Yên Hoà, Quận Cầu Giấy, Thành phố Hà Nội, Việt Nam"
https://masothue.com/0100237637-cong-ty-tnhh-mot-thanh-vien-tu-van-dau-tu-va-thuong-mai,0100237637,Xây dựng công trình kỹ thuật dân dụng khác,CÔNG TY TNHH MỘT THÀNH VIÊN TƯ VẤN ĐẦU TƯ VÀ THƯƠNG MẠI - CHI NHÁNH HẢI PHÒNG,0100237637-001,NGUYỄN THANH BÌNH,"Số 27 đường Hà Nội, Phường Sở Dầu, Quận Hồng Bàng, Thành phố Hải Phòng, Việt Nam"
https://masothue.com/0100237637-cong-ty-tnhh-mot-thanh-vien-tu-van-dau-tu-va-thuong-mai,0100237637,Xây dựng công trình kỹ thuật dân dụng khác,BAN DỰ ÁN TÀU CÁ MIỀN TRUNG,0100237637-002,Phạm Đình Trung,07 Đống Đa - - Quận Hải Châu - Đà Nẵng.
https://masothue.com/0100237637-cong-ty-tnhh-mot-thanh-vien-tu-van-dau-tu-va-thuong-mai,0100237637,Xây dựng công trình kỹ thuật dân dụng khác,TRUNG TÂM THƯƠNG MẠI VÀ XUẤT NHẬP KHẨU THIẾT BỊ THUỶ,0100237637-003,NGUYỄN TIẾN HÂN,"120B Hàng Trống, Phường Hàng Trống, Quận Hoàn Kiếm, Thành phố Hà Nội, Việt Nam"
https://masothue.com/0100237637-cong-ty-tnhh-mot-thanh-vien-tu-van-dau-tu-va-thuong-mai,0100237637,Xây dựng công trình kỹ thuật dân dụng khác,XÍ NGHIỆP CÔNG NGHỆ VÀ XÂY DỰNG CÔNG TRÌNH,0100237637-004,NGUYỄN VIẾT TỴ,"109 phố Quán Thánh, Phường Quán Thánh, Quận Ba Đình, Thành phố Hà Nội, Việt Nam"
https://masothue.com/0100996345-cong-ty-tai-chinh-tnhh-mot-thanh-vien-cong-nghiep-tau-thuy,0100996345,Khác,CÔNG TY TÀI CHÍNH TNHH MTV CÔNG NGHIỆP TÀU THỦY - CHI NHÁNH THÀNH PHỐ HỒ CHÍ MINH,0100996345-002,PHẠM THỊ MAI HIÊN,"231 Phan Văn Trị, Phường 11, Quận Bình Thạnh, Thành phố Hồ Chí Minh, Việt Nam"
https://masothue.com/0100996345-cong-ty-tai-chinh-tnhh-mot-thanh-vien-cong-nghiep-tau-thuy,0100996345,Khác,CÔNG TY TÀI CHÍNH TNHH MỘT THÀNH VIÊN CÔNG NGHIỆP TÀU THỦY - CHI NHÁNH HÀ NỘI,0100996345-003,ĐÀO VIỆT HỒNG,"120 Hàng Trống, Phường Hàng Trống, Quận Hoàn Kiếm, Thành phố Hà Nội, Việt Nam"
https://masothue.com/0100996345-cong-ty-tai-chinh-tnhh-mot-thanh-vien-cong-nghiep-tau-thuy,0100996345,Khác,CÔNG TY TÀI CHÍNH TNHH MTV CÔNG NGHIỆP TÀU THUỶ - CHI NHÁNH HẢI PHÒNG,0100996345-004,NGUYỄN THỊ VINH,"Số 20 Hồ Xuân Hương, Phường Minh Khai, Quận Hồng Bàng, Thành phố Hải Phòng, Việt Nam"
https://masothue.com/0101815295-cong-ty-tnhh-mot-thanh-vien-hang-hai-vien-dong,0101815295,Vận tải hàng hóa ven biển và viễn dương,CẢNG HẢI THỊNH,0101815295-001,TRƯƠNG HỒNG NGUYÊN,"Cảng Hải Thịnh - Khu 21, Thị Trấn Thịnh Long, Huyện Hải Hậu, Tỉnh Nam Định, Việt Nam"
https://masothue.com/0101999155-cong-ty-tnhh-mot-thanh-vien-cong-nghiep-tau-thuy-cai-lan,0101999155,"Sản xuất sắt, thép, gang",CHI NHÁNH CÔNG TY TNHH 1 THÀNH VIÊN CÔNG NGHIỆP TÀU THUỶ CÁI LÂN - CÔNG TY QUẢN LÝ VÀ KINH DOANH CẢNG HÒN GAI,0101999155-001,NGUYỄN VĂN QUÝ,"Thành phố Hạ Long, Tỉnh Quảng Ninh, Việt Nam"
https://masothue.com/0101999155-cong-ty-tnhh-mot-thanh-vien-cong-nghiep-tau-thuy-cai-lan,0101999155,"Sản xuất sắt, thép, gang",CHI NHÁNH CÔNG TY TNHH MỘT THÀNH VIÊN CÔNG NGHIỆP TÀU THỦY CÁI LÂN - BAN QUẢN LÝ XÂY DỰNG HẠ TẦNG KHU KINH TẾ HẢI HÀ,0101999155-003,VŨ TRỌNG TIẾN,"Số 26-28 đường Lý Thường Kiệt, Thị Trấn Quảng Hà, Huyện Hải Hà, Tỉnh Quảng Ninh, Việt Nam"
https://masothue.com/0101999155-cong-ty-tnhh-mot-thanh-vien-cong-nghiep-tau-thuy-cai-lan,0101999155,"Sản xuất sắt, thép, gang",CHI NHÁNH CÔNG TY TNHH MỘT THÀNH VIÊN CÔNG NGHIỆP TÀU THỦY CÁI LÂN - XÍ NGHIỆP VẬN TẢI BIỂN VINASHIN HẠ LONG,0101999155-004,NGUYỄN DÂN SINH,"Thành phố Hạ Long, Tỉnh Quảng Ninh, Việt Nam"
https://masothue.com/0101999155-cong-ty-tnhh-mot-thanh-vien-cong-nghiep-tau-thuy-cai-lan,0101999155,"Sản xuất sắt, thép, gang",CHI NHÁNH CÔNG TY TNHH MỘT THÀNH VIÊN CÔNG NGHIỆP TÀU THỦY CÁI LÂN - TRUNG TÂM TƯ VẤN VÀ PHÁT TRIỂN HẠ TẦNG - CÁI LÂN SHINCO,0101999155-005,LÊ THANH SƠN,"Thành phố Hạ Long, Tỉnh Quảng Ninh, Việt Nam"
https://masothue.com/0101999155-cong-ty-tnhh-mot-thanh-vien-cong-nghiep-tau-thuy-cai-lan,0101999155,"Sản xuất sắt, thép, gang",CHI NHÁNH CÔNG TY TNHH MỘT THÀNH VIÊN CÔNG NGHIỆP TÀU THỦY CÁI LÂN - XÍ NGHIỆP DỊCH VỤ THƯƠNG MẠI VINASHIN HẠ LONG,0101999155-006,VŨ TRỌNG TIẾN,"Thành phố Hạ Long, Tỉnh Quảng Ninh, Việt Nam"
https://masothue.com/0101999155-cong-ty-tnhh-mot-thanh-vien-cong-nghiep-tau-thuy-cai-lan,0101999155,"Sản xuất sắt, thép, gang",CHI NHÁNH CÔNG TY TNHH 01 TV CÔNG NGHIỆP TÀU THUỶ CÁI LÂN - XÍ NGHIỆP VẬN TẢI BIỂN VINASHIN KIÊN GIANG,0101999155-007,ĐOÀN HỮU BÌNH,"Số 16 lô 14, đường Nguyễn Hùng Sơn, Phường Vĩnh Thanh Vân, Thành phố Rạch Giá, Tỉnh Kiên Giang, Việt Nam"
https://masothue.com/0102024391-cong-ty-tnhh-mot-thanh-vien-phat-trien-cong-nghiep-tau-thuy,0102024391,Sản xuất máy chuyên dụng khác,NHÀ MÁY CHẾ TẠO ỐNG THÉP XOẮN VINASHIN,0102024391-001,Nguyễn Xuân Đức,"Khu công nghiệp tầu thuỷ Lai Vu, xã Lai Vu - - Huyện Kim Thành - Hải Dương."
https://masothue.com/0102024391-cong-ty-tnhh-mot-thanh-vien-phat-trien-cong-nghiep-tau-thuy,0102024391,Sản xuất máy chuyên dụng khác,CÔNG TY TNHH MỘT THÀNH VIÊN XÂY DỰNG CÔNG NGHIỆP VINASHIN,0102024391-006,NGÔ NGỌC TÙNG,"Tầng 12, toà nhà Cienco 1, số 623 Đê La Thành, Phường Thành Công, Quận Ba Đình, Thành phố Hà Nội, Việt Nam"
https://masothue.com/0102024955-cong-ty-tnhh-mot-thanh-vien-cong-nghiep-tau-thuy-va-xay-dung-song-hong,0102024955,Đóng tàu và cấu kiện nổi,CÔNG TY XÂY DỰNG CÔNG TRÌNH SÔNG HỒNG - CHI NHÁNH CÔNG TY TNHH MỘT THÀNH VIÊN CÔNG NGHIỆP TÀU THUỶ VÀ XÂY DỰNG SÔNG HỒNG,0102024955-001,NGUYỄN MẠNH CƯỜNG,"D17, ngách 28/10 đường Nguyên Hồng, Nam Thành Công, Phường Láng Hạ, Quận Đống Đa, Thành phố Hà Nội, Việt Nam"
https://masothue.com/0102024955-cong-ty-tnhh-mot-thanh-vien-cong-nghiep-tau-thuy-va-xay-dung-song-hong,0102024955,Đóng tàu và cấu kiện nổi,"CÔNG TY HÀNG HẢI SÔNG HỒNG - CHI NHÁNH CÔNG TY TNHH MỘT THÀNH VIÊN CÔNG NGHIỆP TÀU THUỶ VÀ XÂY DỰNG SÔNG HỒNG ""CẤP LẠI MÃ SỐ DOANH NGHIỆP TỪ ĐKKD SỐ: 0114000451 DO PHÒNG ĐKKD - SỞ KẾ HOẠCH VÀ ĐẦU TƯ THÀNH PHỐ HÀ NỘI CẤP NGÀY 04/08/2006""",0102024955-002,NGUYỄN NGỌC LONG,"Tổ 21, Phường Trần Phú, Quận Hoàng Mai, Thành phố Hà Nội, Việt Nam"
https://masothue.com/0102024955-cong-ty-tnhh-mot-thanh-vien-cong-nghiep-tau-thuy-va-xay-dung-song-hong,0102024955,Đóng tàu và cấu kiện nổi,NHÀ MÁY ĐÓNG TÀU SÔNG HỒNG - CHI NHÁNH CÔNG TY TNHH MỘT THÀNH VIÊN CÔNG NGHIỆP TÀU THUỶ VÀ XÂY DỰNG SÔNG HỒNG,0102024955-003,PHAN KỲ LÂN,"Tổ 21, Phường Trần Phú, Quận Hoàng Mai, Thành phố Hà Nội, Việt Nam"
https://masothue.com/0102024955-cong-ty-tnhh-mot-thanh-vien-cong-nghiep-tau-thuy-va-xay-dung-song-hong,0102024955,Đóng tàu và cấu kiện nổi,TRUNG TÂM TƯ VẤN THIẾT KẾ CÔNG NGHỆ TÀU THUỶ SÔNG HỒNG - CHI NHÁNH CÔNG TY TNHH MỘT THÀNH VIÊN CÔNG NGHIỆP TÀU THUỶ VÀ XÂY DỰNG SÔNG HỒNG,0102024955-004,NGUYỄN ĐIỆP,"Tổ 21, Phường Trần Phú, Quận Hoàng Mai, Thành phố Hà Nội, Việt Nam"
https://masothue.com/0102024955-cong-ty-tnhh-mot-thanh-vien-cong-nghiep-tau-thuy-va-xay-dung-song-hong,0102024955,Đóng tàu và cấu kiện nổi,XÍ NGHIỆP THƯƠNG MẠI VÀ XÂY DỰNG SÔNG HỒNG - CHI NHÁNH CÔNG TY TNHH MỘT THÀNH VIÊN CÔNG NGHIỆP TÀU THUỶ VÀ XÂY DỰNG SÔNG HỒNG,0102024955-005,Nguyễn Văn Cường,"Tầng 4, Nhà A3/52 Nguyễn Chí Thanh, Phường Láng Thượng, Quận Đống Đa, Thành phố Hà Nội, Việt Nam"
https://masothue.com/0102165113-cong-ty-tnhh-mot-thanh-vien-dau-tu-vinashin,0102165113,Khác,,,,
https://masothue.com/0200158227-cong-ty-trach-nhiem-huu-han-mot-thanh-vien-dong-tau-nam-trieu,0200158227,Đóng tàu và cấu kiện nổi,CÔNG TY VẬN TẢI BIỂN NAM TRIỆU,0200158227-001,Hoàng Công Hải,Số 7B Đường Hoàng Văn Thụ - P. Minh khai - - Quận Hồng Bàng - Hải Phòng.
https://masothue.com/0200158227-cong-ty-trach-nhiem-huu-han-mot-thanh-vien-dong-tau-nam-trieu,0200158227,Đóng tàu và cấu kiện nổi,CÔNG TY SỬA CHỮA TÀU BIỂN NAM TRIỆU,0200158227-002,Nguyễn Tiến Lập,Xã Tam hưng - - Huyện Thuỷ Nguyên - Hải Phòng.
https://masothue.com/0200158227-cong-ty-trach-nhiem-huu-han-mot-thanh-vien-dong-tau-nam-trieu,0200158227,Đóng tàu và cấu kiện nổi,CÔNG TY CÔNG NGHIỆP VẬT LIỆU HÀN NAM TRIỆU,0200158227-004,Trần Quang Vũ,Số 7B Hoàng Văn Thụ - - Quận Hồng Bàng - Hải Phòng.
https://masothue.com/0200158227-cong-ty-trach-nhiem-huu-han-mot-thanh-vien-dong-tau-nam-trieu,0200158227,Đóng tàu và cấu kiện nổi,CÔNG TY ĐẦU TƯ VÀ XÂY DỰNG NAM TRIỆU,0200158227-005,Nguyễn Văn Toàn,Số 7B Đường Hoàng Văn Thụ - - Quận Hồng Bàng - Hải Phòng.
https://masothue.com/0200158227-cong-ty-trach-nhiem-huu-han-mot-thanh-vien-dong-tau-nam-trieu,0200158227,Đóng tàu và cấu kiện nổi,CHI NHÁNH CÔNG TY CÔNG NGHIỆP TÀU THỦY NAM TRIỆU,0200158227-006,Lê Siêu Việt,"Lô B13, Khu nhà ở Nam Long, Trần Trọng Cung, Phường Tân Thuận Đông, Quận 7, Thành phố Hồ Chí Minh, Việt Nam"
https://masothue.com/0200158227-cong-ty-trach-nhiem-huu-han-mot-thanh-vien-dong-tau-nam-trieu,0200158227,Đóng tàu và cấu kiện nổi,CHI NHÁNH CÔNG TY TNHH MỘT THÀNH VIÊN ĐÓNG TẦU BẾN THUỶ - KHÁCH SẠN VINASHIN SAN HÔ ĐỎ,0200158227-007,Hồ Văn Sơn,Bãi tắm Xuân Thành - Xã Xuân Thành - Huyện Nghi Xuân - Hà Tĩnh.
https://masothue.com/0200169116-cong-ty-tnhh-mot-thanh-vien-xuat-nhap-khau-vat-tu-tau-thuy,0200169116,"Bán buôn máy móc, thiết bị và phụ tùng máy khác",,,,
https://masothue.com/0200726543-cong-ty-tnhh-mot-thanh-vien-che-tao-dong-co-diesel-bach-dang,0200726543,Sản xuất các cấu kiện kim loại,,,,
https://masothue.com/0300443073-cong-ty-tnhh-mot-thanh-vien-dong-tau-76,0300443073,Đóng tàu và cấu kiện nổi,CHI NHÁNH CÔNG TY TNHH MỘT THÀNH VIÊN ĐÓNG TÀU 76 TẠI VŨNG TÀU,0300443073-001,PHẠM XUÂN TÌNH,"Số 110/29 Phạm Hồng Thái, Phường 7, Thành phố Vũng Tàu, Tỉnh Bà Rịa - Vũng Tàu, Việt Nam"
https://masothue.com/0300443073-cong-ty-tnhh-mot-thanh-vien-dong-tau-76,0300443073,Đóng tàu và cấu kiện nổi,CHI NHÁNH SAO MAI -CÔNG TY TNHH MỘT THÀNH VIÊN ĐÓNG TÀU 76,0300443073-002,NGUYỄN NGỌC HỒNG,"15/48A Đoàn Như Hài, Phường 13, Quận 4, Thành phố Hồ Chí Minh, Việt Nam"
https://masothue.com/0300443073-cong-ty-tnhh-mot-thanh-vien-dong-tau-76,0300443073,Đóng tàu và cấu kiện nổi,CHI NHÁNH CÔNG TY TNHH MỘT THÀNH VIÊN ĐÓNG TÀU 76 - XÍ NGHIỆP DỊCH VỤ THƯƠNG MẠI VÀ XÂY DỰNG CÔNG TRÌNH PHÚ XUÂN,0300443073-003,NGUYỄN QUỐC THẮNG,"15/48A Đoàn Như Hài, Phường 12, Quận 4, Thành phố Hồ Chí Minh, Việt Nam"
https://masothue.com/0301811523-cong-ty-trach-nhiem-huu-han-mot-thanh-vien-thiet-ke-dong-tau-mien-nam,0301811523,Khác,XÍ NGHIỆP ỨNG DỤNG CÔNG NGHỆ VÀ ĐÓNG TÀU,0301811523-001,Nguyễn Văn Lô,"56/1 Nguyễn Thông, Phường 01, Quận 3, Thành phố Hồ Chí Minh, Việt Nam"
https://masothue.com/0301811523-cong-ty-trach-nhiem-huu-han-mot-thanh-vien-thiet-ke-dong-tau-mien-nam,0301811523,Khác,CHI NHÁNH VŨNG TÀU CÔNG TY TNHH MỘT THÀNH VIÊN THIẾT KẾ ĐÓNG TÀU MIỀN NAM,0301811523-002,ĐỖ VĂN HẠNH,"Số 35 Nguyễn Hiền, Phường 2, Thành phố Vũng Tàu, Tỉnh Bà Rịa - Vũng Tàu, Việt Nam"
https://masothue.com/0301811523-cong-ty-trach-nhiem-huu-han-mot-thanh-vien-thiet-ke-dong-tau-mien-nam,0301811523,Khác,NM ĐÓNG TÀU ĐẶC CHỦNG & TRANG THIẾT BỊ TÀU THỦY,0301811523-003,Đỗ Thanh Hưng,"Khu Công Nghiệp, Ông Kèo - - Huyện Nhơn Trạch - Đồng Nai."
https://masothue.com/0304522600-cong-ty-tnhh-mot-thanh-vien-dau-tu-phat-trien-cong-nghiep-tau-thuy-phia-nam,0304522600,Đóng tàu và cấu kiện nổi,CHI NHÁNH CÔNG TY TNHH MỘT THÀNH VIÊN ĐẦU TƯ PHÁT TRIỂN CÔNG NGHIỆP TÀU THỦY PHÍ,0304522600-001,Bùi Thanh Khéo,"Số 54 Nguyễn Trãi, Phường Máy Tơ, Quận Ngô Quyền, Thành phố Hải Phòng, Việt Nam"
https://masothue.com/0304522600-cong-ty-tnhh-mot-thanh-vien-dau-tu-phat-trien-cong-nghiep-tau-thuy-phia-nam,0304522600,Đóng tàu và cấu kiện nổi,CHI NHÁNH CÔNG TY TNHH MỘT THÀNH VIÊN ĐẦU TƯ PHÁT TRIỂN CÔNG NGHIỆP TÀU THỦY PHÍA NAM,0304522600-002,Nguyễn Thế Phong,"Lầu 6, tòa nhà Viễn Đông, số 15/48A Đoàn Như Hài, Phường 12, Quận 4, Thành phố Hồ Chí Minh, Việt Nam"
https://masothue.com/0400100577-cong-ty-tnhh-mot-thanh-vien-thuy-tinh-mien-trung,0400100577,Sản xuất thuỷ tinh và sản phẩm từ thuỷ tinh,,,,
https://masothue.com/0400567001-cong-ty-tnhh-mot-thanh-vien-ton-lien-chieu,0400567001,Sản xuất khác chưa được phân vào đâu,,,,
https://masothue.com/0400571350-cong-ty-tnhh-mot-thanh-vien-co-dien-va-xay-lap-cong-nghiep-tau-thuy,0400571350,Gia công cơ khí; xử lý và tráng phủ kim loại,,,,
https://masothue.com/2800228046-cong-ty-tnhh-mot-thanh-vien-cong-nghiep-tau-thuy-thanh-hoa,2800228046,Sản xuất máy chuyên dụng khác,,,,
https://masothue.com/3000105505-cong-ty-tnhh-mot-thanh-vien-dong-tau-ben-thuy,3000105505,Bốc xếp hàng hóa,NHÀ NGHỈ HƯƠNG TRÀM,3000105505-001,Nguyễn Kim Hạ,Xuân Thành - Xã Xuân Thành - Huyện Nghi Xuân - Hà Tĩnh.
https://masothue.com/3000105505-cong-ty-tnhh-mot-thanh-vien-dong-tau-ben-thuy,3000105505,Bốc xếp hàng hóa,CHI NHÁNH CÔNG TY TNHH MỘT THÀNH VIÊN ĐÓNG TÀU BẾN THỦY - XÍ NGHIỆP SẢN XUẤT SẢN PHẨM COMPOSITE,3000105505-002,TRẦN THỊ HOÀI NAM (THAY ĐỔI LẦN 1),"Khối 7, Thị Trấn Xuân An, Huyện Nghi Xuân, Tỉnh Hà Tĩnh, Việt Nam"
https://masothue.com/3000105505-cong-ty-tnhh-mot-thanh-vien-dong-tau-ben-thuy,3000105505,Bốc xếp hàng hóa,CHI NHÁNH CÔNG TY TNHH MỘT THÀNH VIÊN ĐÓNG TÀU BẾN THUỶ - KHÁCH SẠN VINASHIN SAN HÔ ĐỎ,3000105505-003,HỒ VĂN SƠN,"Bãi tắm Xuân Thành, Xã Xuân Thành, Huyện Nghi Xuân, Tỉnh Hà Tĩnh, Việt Nam"
https://masothue.com/3100135408-cong-ty-tnhh-mot-thanh-vien-thuong-mai-va-du-lich-vinashin-quang-binh,3100135408,Nuôi trồng thuỷ sản nội địa,CHI NHÁNH CTY KINH DOANH TỔNG HỢP QUẢNG BÌNH,3100135408-001,Nguyễn Thành Hải,6 Quang Trung-P.10 - - Quận Gò Vấp - TP Hồ Chí Minh.
https://masothue.com/3100135408-cong-ty-tnhh-mot-thanh-vien-thuong-mai-va-du-lich-vinashin-quang-binh,3100135408,Nuôi trồng thuỷ sản nội địa,XÍ NGHIỆP CHẾ BIẾN NÔNG THUỶ SẢN XUẤT KHẨU,3100135408-002,Hoàng Quang,Quốc lộ 1A Phú hải - - Thành phố Đồng Hới - Quảng Bình.
https://masothue.com/3100289158-cong-ty-tnhh-mot-thanh-vien-cong-nghiep-tau-thuy-quang-binh,3100289158,Đóng tàu và cấu kiện nổi,CHI NHÁNH NHÀ MÁY ĐÓNG TÀU NHẬT LỆ CÔNG TY TNHH 1TV CÔNG NGHIỆP TÀU THỦY QUẢNG BÌNH,3100289158-001,NGUYỄN XUÂN VŨ,"TK Phú Thượng, Phường Phú Hải, Thành phố Đồng Hới, Tỉnh Quảng Bình, Việt Nam"
https://masothue.com/3100289158-cong-ty-tnhh-mot-thanh-vien-cong-nghiep-tau-thuy-quang-binh,3100289158,Đóng tàu và cấu kiện nổi,CHI NHÁNH BAN QUẢN LÝ DỰ ÁN CÔNG TY TNHH 1TV CÔNG NGHIỆP TÀU THỦY QUẢNG BÌNH,3100289158-002,NGUYỄN XUÂN VŨ,"TK5, Thị Trấn Quán Hàu, Huyện Quảng Ninh, Tỉnh Quảng Bình, Việt Nam"
https://masothue.com/3500794839-cong-ty-tnhh-mot-thanh-vien-tu-van-thiet-ke-cong-nghe-tau-thuy-va-dich-vu-hang-hai,3500794839,Cung ứng và quản lý nguồn lao động,,,,
https://masothue.com/4200240278-cong-ty-tnhh-mtv-cong-nghiep-tau-thuy-nha-trang,4200240278,Khác,CHI NHÁNH CÔNG TY CÔNG NGHIỆP TÀU THỦY NHA TRANG TẠI VŨNG TÀU,4200240278-001,Trần Hoài Nam,"Số 210 Nam Kỳ Khởi Nghĩa, phường 2 - - Thành Phố Vũng Tàu - Bà Rịa - Vũng Tàu."
https://masothue.com/4200240278-cong-ty-tnhh-mtv-cong-nghiep-tau-thuy-nha-trang,4200240278,Khác,CÔNG TY XÂY DỰNG BÌNH TÂN,4200240278-002,Trần Văn Điều,"12A Hồng Lĩnh, phường Phước Hòa - - Thành phố Nha Trang - Khánh Hòa."
https://masothue.com/4200240278-cong-ty-tnhh-mtv-cong-nghiep-tau-thuy-nha-trang,4200240278,Khác,CÔNG TY XUẤT NHẬP KHẨU VINASHIN - NHA TRANG,4200240278-003,PHan Việt Vương,"01 Tân Lộc, Vĩnh Trường - - Thành phố Nha Trang - Khánh Hòa."
https://masothue.com/4200240278-cong-ty-tnhh-mtv-cong-nghiep-tau-thuy-nha-trang,4200240278,Khác,CÔNG TY THIẾT KẾ CÔNG NGHIỆP TÀU THỦY VINASHIN NHA TRANG,4200240278-004,Nguyễn Đức Điện,Số 1 Tân Lộc - Phường Vĩnh Trường - Thành phố Nha Trang - Khánh Hòa.
https://masothue.com/4200702733-cong-ty-tnhh-mot-thanh-vien-dong-tau-nha-trang,4200702733,Khác,,,,
https://masothue.com/6300037516-cong-ty-tnhh-mot-thanh-vien-dau-tu-phat-trien-cong-nghiep-tau-thuy-hau-giang,6300037516,"Đóng thuyền, xuồng thể thao và giải trí",XÍ NGHIỆP XÂY LẮP CÔNG NGHIỆP TÀU THỦY HẬU GIANG,6300037516-001,Trần Văn Hiện,xã Đông Phú - - Huyện Châu Thành - Hậu Giang.
https://masothue.com/6300037516-cong-ty-tnhh-mot-thanh-vien-dau-tu-phat-trien-cong-nghiep-tau-thuy-hau-giang,6300037516,"Đóng thuyền, xuồng thể thao và giải trí",BAN QUẢN LÝ DỰ ÁN CỤM CÔNG NGHIỆP TÀU THỦY HẬU GIANG,6300037516-002,Đoàn Văn Hồng,xã Đông Phú - - Huyện Châu Thành - Hậu Giang.
https://masothue.com/6300037516-cong-ty-tnhh-mot-thanh-vien-dau-tu-phat-trien-cong-nghiep-tau-thuy-hau-giang,6300037516,"Đóng thuyền, xuồng thể thao và giải trí",TRƯỜNG TRUNG CẤP NGHỀ CÔNG NGHIỆP TÀU THUỶ HẬU GIANG,6300037516-003,Đoàn Văn Hồng,xã Đông Phú - - Huyện Châu Thành - Hậu Giang.
https://masothue.com/6300037516-cong-ty-tnhh-mot-thanh-vien-dau-tu-phat-trien-cong-nghiep-tau-thuy-hau-giang,6300037516,"Đóng thuyền, xuồng thể thao và giải trí",VĂN PHÒNG ĐẠI DIỆN CÔNG TY TNHH MỘT THÀNH VIÊN ĐẦU TƯ PHÁT TRIỂN CÔNG NGHIỆP TÀU THỦY HẬU GIANG TẠI THÀNH PHỐ CẦN THƠ,6300037516-004,ĐINH BẠC YÊM,"01 đường số 27, khu M,Khu đô thị mới Hưng Phú, Phường Hưng Phú, Quận Cái Răng, Thành phố Cần Thơ, Việt Nam"
https://masothue.com/0106827752-cong-ty-tnhh-dau-tu-san-xuat-phat-trien-nong-nghiep-wineco,0106827752,"Trồng rau, đậu các loại và trồng hoa, cây cảnh",CHI NHÁNH CÔNG TY TNHH ĐẦU TƯ SẢN XUẤT PHÁT TRIỂN NÔNG NGHIỆP WINECO TẠI TỈNH ĐỒNG NAI,0106827752-001,NGUYỄN BÍCH HÀ NGUYÊN,"Tổ 12, ấp 5, Xã Long Phước, Huyện Long Thành, Tỉnh Đồng Nai, Việt Nam"
https://masothue.com/0106827752-cong-ty-tnhh-dau-tu-san-xuat-phat-trien-nong-nghiep-wineco,0106827752,"Trồng rau, đậu các loại và trồng hoa, cây cảnh",CHI NHÁNH TẠI THÀNH PHỐ HỒ CHÍ MINH-CÔNG TY TNHH ĐẦU TƯ SẢN XUẤT PHÁT TRIỂN NÔNG NGHIỆP WINECO,0106827752-002,Nguyễn Thiều Nam,"Tầng 8, toà nhà MPlaza Saigon, số 39 Lê Duẩn, Phường Bến Nghé, Quận 1, Thành phố Hồ Chí Minh, Việt Nam"
https://masothue.com/0106827752-cong-ty-tnhh-dau-tu-san-xuat-phat-trien-nong-nghiep-wineco,0106827752,"Trồng rau, đậu các loại và trồng hoa, cây cảnh",CHI NHÁNH CÔNG TY TNHH ĐẦU TƯ SẢN XUẤT PHÁT TRIỂN NÔNG NGHIỆP WINECO TẠI TỈNH QUẢNG NINH,0106827752-003,NGUYỄN BÍCH HÀ NGUYÊN,"Khu Nông nghiệp ứng dụng công nghệ cao, Xã Hồng Thái Tây, Thị xã Đông Triều, Tỉnh Quảng Ninh, Việt Nam"
https://masothue.com/0106827752-cong-ty-tnhh-dau-tu-san-xuat-phat-trien-nong-nghiep-wineco,0106827752,"Trồng rau, đậu các loại và trồng hoa, cây cảnh",CHI NHÁNH CÔNG TY TNHH ĐẦU TƯ SẢN XUẤT PHÁT TRIỂN NÔNG NGHIỆP WINECO TẠI LÂM ĐỒNG,0106827752-004,HÀ LONG THÀNH,"Tiểu khu 121, Xã Đạ Nhim, Huyện Lạc Dương, Tỉnh Lâm Đồng, Việt Nam"
https://masothue.com/0106827752-cong-ty-tnhh-dau-tu-san-xuat-phat-trien-nong-nghiep-wineco,0106827752,"Trồng rau, đậu các loại và trồng hoa, cây cảnh",CHI NHÁNH CÔNG TY TNHH ĐẦU TƯ SẢN XUẤT PHÁT TRIỂN NÔNG NGHIỆP WINECO TẠI TỈNH NAM ĐỊNH,0106827752-005,NGUYỄN BÍCH HÀ NGUYÊN,"Thôn Hành Thiện, Xã Xuân Hồng, Huyện Xuân Trường, Tỉnh Nam Định, Việt Nam"
https://masothue.com/0106827752-cong-ty-tnhh-dau-tu-san-xuat-phat-trien-nong-nghiep-wineco,0106827752,"Trồng rau, đậu các loại và trồng hoa, cây cảnh",CHI NHÁNH CÔNG TY TNHH ĐẦU TƯ SẢN XUẤT PHÁT TRIỂN NÔNG NGHIỆP WINECO TẠI THÀNH PHỐ HẢI PHÒNG,0106827752-006,NGUYỄN BÍCH HÀ NGUYÊN,"Thôn Vinh Quang, Xã Tân Liên, Huyện Vĩnh Bảo, Thành phố Hải Phòng, Việt Nam"
https://masothue.com/0106827752-cong-ty-tnhh-dau-tu-san-xuat-phat-trien-nong-nghiep-wineco,0106827752,"Trồng rau, đậu các loại và trồng hoa, cây cảnh",CHI NHÁNH CÔNG TY TNHH ĐẦU TƯ SẢN XUẤT PHÁT TRIỂN NÔNG NGHIỆP VINECO TẠI TỈNH KIÊN GIANG,0106827752-007,NGÔ THỊ MINH NGUYỆT,"Khu du lịch Bãi Dài, Xã Gành Dầu, Huyện Phú Quốc, Tỉnh Kiên Giang, Việt Nam"
https://masothue.com/0106827752-cong-ty-tnhh-dau-tu-san-xuat-phat-trien-nong-nghiep-wineco,0106827752,"Trồng rau, đậu các loại và trồng hoa, cây cảnh",CHI NHÁNH CÔNG TY TNHH ĐẦU TƯ SẢN XUẤT PHÁT TRIỂN NÔNG NGHIỆP VINECO TẠI TỈNH KHÁNH HÒA,0106827752-008,TRẦN THỊ HOA XIM,"Đảo Hòn Tre, Phường Vĩnh Nguyên, Thành phố Nha Trang, Tỉnh Khánh Hòa, Việt Nam"
https://masothue.com/0106827752-cong-ty-tnhh-dau-tu-san-xuat-phat-trien-nong-nghiep-wineco,0106827752,"Trồng rau, đậu các loại và trồng hoa, cây cảnh",CHI NHÁNH CÔNG TY TNHH ĐẦU TƯ SẢN XUẤT PHÁT TRIỂN NÔNG NGHIỆP WINECO TẠI TỈNH HÀ NAM,0106827752-009,NGUYỄN BÍCH HÀ NGUYÊN,"Xóm 4, Xã Xuân Khê, Huyện Lý Nhân, Tỉnh Hà Nam, Việt Nam"
https://masothue.com/0106827752-cong-ty-tnhh-dau-tu-san-xuat-phat-trien-nong-nghiep-wineco,0106827752,"Trồng rau, đậu các loại và trồng hoa, cây cảnh",CHI NHÁNH CÔNG TY TNHH ĐẦU TƯ SẢN XUẤT PHÁT TRIỂN NÔNG NGHIỆP WINECO TẠI TỈNH QUẢNG NAM,0106827752-010,NGÔ THỊ MINH NGUYỆT,"Thôn Tân An, Xã Bình Minh, Huyện Thăng Bình, Tỉnh Quảng Nam, Việt Nam"
https://masothue.com/0106827752-cong-ty-tnhh-dau-tu-san-xuat-phat-trien-nong-nghiep-wineco,0106827752,"Trồng rau, đậu các loại và trồng hoa, cây cảnh",CHI NHÁNH TẠI TỈNH KON TUM - CÔNG TY TNHH ĐẦU TƯ SẢN XUẤT PHÁT TRIỂN NÔNG NGHIỆP WINECO,0106827752-011,NGÔ THỊ MINH NGUYỆT,"Thôn Kon Tu Rằng, Xã Măng Cành, Huyện Kon Plông, Tỉnh Kon Tum, Việt Nam"
https://masothue.com/0101824243-002-cong-ty-tnhh-panasonic-industrial-devices-viet-nam,0101824243-002,Sản xuất linh kiện điện tử,CÔNG TY TNHH PANASONIC VIỆT NAM,0101824243,MARUKAWA YOICHI,"Lô J1-J2, Khu công nghiệp Thăng Long, Xã Kim Chung, Huyện Đông Anh, Thành phố Hà Nội, Việt Nam"
https://masothue.com/0101824243-002-cong-ty-tnhh-panasonic-industrial-devices-viet-nam,0101824243-002,Sản xuất linh kiện điện tử,CÔNG TY TNHH PANASONIC SYSTEM NETWORKS VIỆT NAM,0101824243-001,HASHIZUME KESAAKI,"Lô J1/2, Khu công nghiệp Thăng Long, Xã Võng La, Huyện Đông Anh, Thành phố Hà Nội, Việt Nam"
https://masothue.com/0101824243-002-cong-ty-tnhh-panasonic-industrial-devices-viet-nam,0101824243-002,Sản xuất linh kiện điện tử,CÔNG TY TNHH PANASONIC R&D CENTER VIỆT NAM,0101824243-003,Yamane Masaaki,"Tầng 17, tháp Đông, toà nhà Lotte Center Hà Nội, số 54 Liễu - Phường Cống Vị - Quận Ba Đình - Hà Nội."
https://masothue.com/0101824243-002-cong-ty-tnhh-panasonic-industrial-devices-viet-nam,0101824243-002,Sản xuất linh kiện điện tử,CHI NHÁNH CÔNG TY TNHH PANASONIC VIỆT NAM TẠI HÀ NỘI,0101824243-004,YOICHI MARUKAWA,"Tầng 1 và 14 Charmvit Tower, Số 117 đường Trần Duy Hưng, Phường Trung Hoà, Quận Cầu Giấy, Thành phố Hà Nội, Việt Nam"
https://masothue.com/0101824243-002-cong-ty-tnhh-panasonic-industrial-devices-viet-nam,0101824243-002,Sản xuất linh kiện điện tử,CHI NHÁNH CÔNG TY TNHH PANASONIC VIỆT NAM TẠI THÀNH PHỐ HỒ CHÍ MINH,0101824243-005,ĐỖ CAO BẰNG,"Tầng 7, Tòa nhà E.Town, số 364, đường Cộng Hòa, Phường 13, Quận Tân Bình, Thành phố Hồ Chí Minh, Việt Nam"
https://masothue.com/0101824243-002-cong-ty-tnhh-panasonic-industrial-devices-viet-nam,0101824243-002,Sản xuất linh kiện điện tử,CHI NHÁNH II CTY TNHH PANASONIC VIỆT NAM TẠI TP.HCM,0101824243-006,Shinichi Wakita,"Tòa Nhà Văn Phòng, 28 Nguyễn Thị Diệu P.06 - - Quận 3 - TP Hồ Chí Minh."
https://masothue.com/0101824243-002-cong-ty-tnhh-panasonic-industrial-devices-viet-nam,0101824243-002,Sản xuất linh kiện điện tử,CHI NHÁNH CÔNG TY TNHH PANASONIC VIỆT NAM TẠI HƯNG YÊN,0101824243-007,MARUKAWA YOICHI,"Lô G2, Khu công nghiệp Thăng Long II, Xã Liêu Xá, Huyện Yên Mỹ, Tỉnh Hưng Yên, Việt Nam"
https://masothue.com/0101824243-002-cong-ty-tnhh-panasonic-industrial-devices-viet-nam,0101824243-002,Sản xuất linh kiện điện tử,CHI NHÁNH CÔNG TY TNHH PANASONIC SYSTEM NETWORKS VIỆT NAM TẠI HÀ NỘI,0101824243-008,HASHIZUME KESAAKI,"Phòng 6, Khu văn phòng, Lô J1-J2, Khu công nghiệp Thăng Long, Xã Võng La, Huyện Đông Anh, Thành phố Hà Nội, Việt Nam"
https://masothue.com/0101824243-002-cong-ty-tnhh-panasonic-industrial-devices-viet-nam,0101824243-002,Sản xuất linh kiện điện tử,CHI NHÁNH QUẢN LÝ MUA HÀNG TOÀN CẦU - CÔNG TY TNHH PANASONIC VIỆT NAM,0101824243-009,KAZUHIRO MATSUSHITA,"Phòng Lotus, Tòa nhà Annex 3, Lô J1-J2, Khu công nghiệp Thăng Long, Xã Kim Chung, Huyện Đông Anh, Thành phố Hà Nội, Việt Nam"
https://masothue.com/0101824243-002-cong-ty-tnhh-panasonic-industrial-devices-viet-nam,0101824243-002,Sản xuất linh kiện điện tử,VĂN PHÒNG ĐẠI DIỆN CÔNG TY TNHH PANASONIC VIỆT NAM TẠI THÀNH PHỐ CẦN THƠ,0101824243-010,ĐỖ CAO BẰNG,"Lầu 4, Phòng 402, Tòa nhà Nguyễn Hiếu, số 131, đường Trần Hưng Đạo, Phường An Phú, Quận Ninh Kiều, Cần Thơ, Phường An Phú, Quận Ninh Kiều, Thành phố Cần Thơ, Việt Nam"
https://masothue.com/0101824243-002-cong-ty-tnhh-panasonic-industrial-devices-viet-nam,0101824243-002,Sản xuất linh kiện điện tử,VĂN PHÒNG ĐẠI DIỆN CÔNG TY TNHH PANASONIC VIỆT NAM,0101824243-011,ĐỖ CAO BẰNG,"Tầng 16, Tòa nhà Thành Lợi 2, số 1 Lê Đình Lý, Phường Vĩnh Trung, Quận Thanh Khê, Thành phố Đà Nẵng, Việt Nam"
https://masothue.com/0310661835-cong-ty-tnhh-dau-tu-dia-oc-ab,0310661835,"Kinh doanh bất động sản, quyền sử dụng đất thuộc chủ sở hữu, chủ sử dụng hoặc đi thuê",,,,
https://masothue.com/1101340156-cong-ty-trach-nhiem-huu-han-mot-thanh-vien-quan-ly-no-va-khai-thac-tai-san-ngan-hang-xay-dung-viet-nam,1101340156,Hoạt động trung gian tiền tệ khác,VĂN PHÒNG ĐẠI DIỆN CÔNG TY TNHH MỘT THÀNH VIÊN QUẢN LÝ NỢ VÀ KHAI THÁC TÀI SẢN NGÂN HÀNG XÂY DỰNG VIỆT NAM,1101340156-001,PHẠM QUYẾT TIẾN,"Lầu 5, Số 10 Lý Tự Trọng, Phường Bến Nghé, Quận 1, Thành phố Hồ Chí Minh, Việt Nam"
https://masothue.com/0316724859-cong-ty-trach-nhiem-huu-han-lien-doanh-thuc-pham-va-do-uong-vibev,0316724859,"Sản xuất đồ uống không cồn, nước khoáng",VĂN PHÒNG ĐẠI DIỆN - CÔNG TY TRÁCH NHIỆM HỮU HẠN LIÊN DOANH THỰC PHẨM VÀ ĐỒ UỐNG VIBEV,0316724859-001,MAI XUÂN TRẦM,"Số 138-142 Hai Bà Trưng, Phường Đa Kao, Quận 1, Thành phố Hồ Chí Minh, Việt Nam"
https://masothue.com/3502313442-cong-ty-tnhh-mot-thanh-vien-hoa-sen-phu-my,3502313442,"Sản xuất sắt, thép, gang",,,,
https://masothue.com/3700763651-cong-ty-tnhh-mot-thanh-vien-ton-hoa-sen,3700763651,Gia công cơ khí; xử lý và tráng phủ kim loại,CHI NHÁNH CÔNG TY TNHH MỘT THÀNH VIÊN TÔN HOA SEN - NHÀ MÁY THÉP CÁN NGUỘI PHÚ MỸ,3700763651-001,NGUYỄN MINH PHÚC,"Đường số 1B Khu Công nghiệp Phú Mỹ 1, Phường Phú Mỹ, Thị xã Phú Mỹ, Tỉnh Bà Rịa - Vũng Tàu, Việt Nam"
https://masothue.com/4101425750-cong-ty-tnhh-mot-thanh-vien-hoa-sen-binh-dinh,4101425750,"Sản xuất sắt, thép, gang",,,,
https://masothue.com/4101453370-cong-ty-trach-nhiem-huu-han-mot-thanh-vien-hoa-sen-nhon-hoi-binh-dinh,4101453370,"Sản xuất sắt, thép, gang",,,,
https://masothue.com/0104315477-cong-ty-tnhh-dau-tu-kinh-doanh-phat-trien-do-thi-tay-ha-noi,0104315477,Khác,,,,
https://masothue.com/0300568442-cong-ty-tnhh-khach-san-du-lich-sai-gon-star,0300568442,Dịch vụ lưu trú ngắn ngày,,,,
https://masothue.com/5800396328-cong-ty-co-phan-du-lich-thanh-thanh-cong-lam-dong,5800396328,Dịch vụ lưu trú ngắn ngày,BIỆT THỰ NGỌC MY,5800396328-001,VÕ THỊ HỒNG LOAN,"Tỉnh Lâm Đồng, Việt Nam"
https://masothue.com/5800396328-cong-ty-co-phan-du-lich-thanh-thanh-cong-lam-dong,5800396328,Dịch vụ lưu trú ngắn ngày,CHI NHÁNH CÔNG TY CỔ PHẦN THÀNH NGỌC (TỈNH LÂM ĐỒNG),5800396328-002,Trần Mến,"52 Kênh 19 Tháng 5, Phường Sơn Kỳ, Quận Tân Phú, Thành phố Hồ Chí Minh, Việt Nam"
https://masothue.com/5800396328-cong-ty-co-phan-du-lich-thanh-thanh-cong-lam-dong,5800396328,Dịch vụ lưu trú ngắn ngày,CHI NHÁNH CÔNG TY CỔ PHẦN DU LỊCH THÀNH THÀNH CÔNG LÂM ĐỒNG - KHÁCH SẠN NGỌC LAN,5800396328-004,Trần Mến,"Khách sạn Ngọc Lan, Số 42 Nguyễn Chí Thanh, Phường 1, Thành phố Đà Lạt, Tỉnh Lâm Đồng, Việt Nam"
https://masothue.com/5800396328-cong-ty-co-phan-du-lich-thanh-thanh-cong-lam-dong,5800396328,Dịch vụ lưu trú ngắn ngày,CHI NHÁNH CÔNG TY CỔ PHẦN DU LỊCH THÀNH THÀNH CÔNG LÂM ĐỒNG - TÌNH YÊU MỘNG MƠ,5800396328-005,TRẦN MẾN,"Số 5-7 Mai Anh Đào, Phường 8, Thành phố Đà Lạt, Tỉnh Lâm Đồng, Việt Nam"
https://masothue.com/5800396328-cong-ty-co-phan-du-lich-thanh-thanh-cong-lam-dong,5800396328,Dịch vụ lưu trú ngắn ngày,CHI NHÁNH CÔNG TY CỔ PHẦN DU LỊCH THÀNH THÀNH CÔNG LÂM ĐỒNG - THUNG LŨNG TÌNH YÊU,5800396328-006,TRẦN MẾN,"Số 7 Mai Anh Đào, Phường 8, Thành phố Đà Lạt, Tỉnh Lâm Đồng, Việt Nam"
https://masothue.com/5800396328-cong-ty-co-phan-du-lich-thanh-thanh-cong-lam-dong,5800396328,Dịch vụ lưu trú ngắn ngày,CHI NHÁNH CÔNG TY CỔ PHẦN DU LỊCH THÀNH THÀNH CÔNG LÂM ĐỒNG - CHÈ NGỌC BẢO,5800396328-007,TRẦN MẾN,"Khu phố 3A, Phường Lộc Sơn, Thành phố Bảo Lộc, Tỉnh Lâm Đồng, Việt Nam"
https://masothue.com/5800396328-cong-ty-co-phan-du-lich-thanh-thanh-cong-lam-dong,5800396328,Dịch vụ lưu trú ngắn ngày,CHI NHÁNH CÔNG TY CỔ PHẦN DU LỊCH THÀNH THÀNH CÔNG LÂM ĐỒNG TẠI QUẢNG NAM,5800396328-008,TRẦN MẾN,"224 Lý Thái Tổ, Phường Cẩm Châu, Thành phố Hội An, Tỉnh Quảng Nam, Việt Nam"
https://masothue.com/5800396328-cong-ty-co-phan-du-lich-thanh-thanh-cong-lam-dong,5800396328,Dịch vụ lưu trú ngắn ngày,CHI NHÁNH CÔNG TY CỔ PHẦN DU LỊCH THÀNH THÀNH CÔNG LÂM ĐỒNG TẠI BÌNH THUẬN,5800396328-009,TRẦN MẾN,"01 Từ Văn Tư, Phường Phú Trinh, Thành phố Phan Thiết, Tỉnh Bình Thuận, Việt Nam"
https://masothue.com/0105976790-cong-ty-tnhh-giai-tri-long-dinh,0105976790,Hoạt động vui chơi giải trí khác chưa được phân vào đâu,,,,
https://masothue.com/0106180708-cong-ty-tnhh-vng-online,0106180708,Cổng thông tin,,,,
https://masothue.com/0310964981-cong-ty-tnhh-phat-trien-phan-mem-vng,0310964981,Lập trình máy vi tính,CHI NHÁNH CÔNG TY TNHH PHÁT TRIỂN PHẦN MỀM VNG,0310964981-001,TRƯƠNG THỊ THANH,"Tầng 3, tòa nhà Trung Yên 1, khu đô thị Trung Yên , Phường Trung Hoà, Quận Cầu Giấy, Thành phố Hà Nội, Việt Nam"
https://masothue.com/0317231038-cong-ty-co-phan-verichains,0317231038,Lập trình máy vi tính,,,,
https://masothue.com/0401510382-cong-ty-tnhh-zingplay-viet-nam,0401510382,Hoạt động vui chơi giải trí khác chưa được phân vào đâu,,,,
https://masothue.com/0300635106-cong-ty-trach-nhiem-huu-han-trung-tam-me-linh,0300635106,"Kinh doanh bất động sản, quyền sử dụng đất thuộc chủ sở hữu, chủ sử dụng hoặc đi thuê",,,,
https://masothue.com/0300692986-cong-ty-tnhh-thuy-tinh-malaya-viet-nam,0300692986,Sản xuất thuỷ tinh và sản phẩm từ thuỷ tinh,CHI NHÁNH CÔNG TY TNHH THỦY TINH MALAYA - VIỆT NAM,0300692986-001,HOÀNG XUÂN BÌNH,"Khu công nghiệp Mỹ Xuân A, Phường Mỹ Xuân, Thị xã Phú Mỹ, Tỉnh Bà Rịa - Vũng Tàu, Việt Nam"
https://masothue.com/0300715827-cong-ty-tnhh-bao-bi-san-miguel-yamamura-phu-tho,0300715827,Sản xuất sản phẩm khác bằng kim loại chưa được phân vào đâu,,,,
https://masothue.com/0300829768-cong-ty-tnhh-san-xuat-ruou-va-con-viet-nam,0300829768,"Chưng, tinh cất và pha chế các loại rượu mạnh",CÔNG TY ALLIED DOMECQ VN( SPIRITS AND WINE) CHI NHÁNH HN,0300829768-001,ANTHONY ALLEN,Số 7 ngõ 1 Thi sách - - Quận Hai Bà Trưng - Hà Nội.
https://masothue.com/0301238969-cong-ty-lien-doanh-tnhh-crown-sai-gon,0301238969,Sản xuất sản phẩm khác bằng kim loại chưa được phân vào đâu,,,,
https://masothue.com/0305204336-cong-ty-tnhh-dau-tu-thuong-mai-tan-thanh,0305204336,"Kinh doanh bất động sản, quyền sử dụng đất thuộc chủ sở hữu, chủ sử dụng hoặc đi thuê",,,,
https://masothue.com/0313649265-cong-ty-tnhh-dau-tu-sabeco-hp,0313649265,"Kinh doanh bất động sản, quyền sử dụng đất thuộc chủ sở hữu, chủ sử dụng hoặc đi thuê",,,,
https://masothue.com/0315165573-cong-ty-trach-nhiem-huu-han-mot-thanh-vien-bia-sai-gon,0315165573,Bán buôn đồ uống,,,,
https://masothue.com/0700249225-cong-ty-tnhh-mot-thanh-vien-bia-sai-gon-phu-ly,0700249225,Sản xuất bia và mạch nha ủ men bia,,,,
https://masothue.com/0316039109-cong-ty-tnhh-mot-thanh-vien-dich-vu-du-lich-tripu,0316039109,Điều hành tua du lịch,,,,
https://masothue.com/3301712013-cong-ty-trach-nhiem-huu-han-mot-thanh-vien-du-lich-vietravel-hue,3301712013,Khác,,,,
https://masothue.com/0316158113-cong-ty-tnhh-khi-hoa-long-viet-nam-vt-gas,0316158113,"Bán buôn nhiên liệu rắn, lỏng, khí và các sản phẩm liên quan",CÔNG TY TNHH KHÍ HÓA LỎNG VIỆT NAM - VT GAS - CHI NHÁNH BÌNH PHƯỚC,0316158113-001,LÊ KHẮC NINH,"Lô H11-H12, Đường N4, Khu công nghiệp Bắc Đồng Phú, Thị Trấn Tân Phú, Huyện Đồng Phú, Tỉnh Bình Phước, Việt Nam"
https://masothue.com/0316158113-cong-ty-tnhh-khi-hoa-long-viet-nam-vt-gas,0316158113,"Bán buôn nhiên liệu rắn, lỏng, khí và các sản phẩm liên quan",CÔNG TY TNHH KHÍ HÓA LỎNG VIỆT NAM - VT GAS - CHI NHÁNH BÌNH THUẬN,0316158113-002,LÊ KHẮC NINH,"Lô C3.20 đường D5, KCN Hàm Kiệm II - Bitas, Xã Hàm Kiệm, Huyện Hàm Thuận Nam, Tỉnh Bình Thuận, Việt Nam"
https://masothue.com/0316158113-cong-ty-tnhh-khi-hoa-long-viet-nam-vt-gas,0316158113,"Bán buôn nhiên liệu rắn, lỏng, khí và các sản phẩm liên quan",CÔNG TY TNHH KHÍ HÓA LỎNG VIỆT NAM - VT GAS - CHI NHÁNH ĐỒNG NAI,0316158113-003,LÊ KHẮC NINH,"Số 1B-D3, KP Bình Dương (Trong khuôn viên công ty cổ phần cảng Đồng Nai), Phường Long Bình Tân, Thành phố Biên Hoà, Tỉnh Đồng Nai, Việt Nam"
https://masothue.com/0316158113-cong-ty-tnhh-khi-hoa-long-viet-nam-vt-gas,0316158113,"Bán buôn nhiên liệu rắn, lỏng, khí và các sản phẩm liên quan",CÔNG TY TNHH KHÍ HÓA LỎNG VIỆT NAM - VT GAS - CHI NHÁNH LÂM ĐỒNG,0316158113-004,LÊ KHẮC NINH,"Lô BI-11, Khu công nghiệp Phú Hội, Xã Phú Hội, Huyện Đức Trọng, Tỉnh Lâm Đồng, Việt Nam"
https://masothue.com/0316158113-cong-ty-tnhh-khi-hoa-long-viet-nam-vt-gas,0316158113,"Bán buôn nhiên liệu rắn, lỏng, khí và các sản phẩm liên quan",CÔNG TY TNHH KHÍ HÓA LỎNG VIỆT NAM - VT GAS - CHI NHÁNH TÂY NINH,0316158113-005,Lê Khắc Ninh,"262 Nguyễn Lương Bằng, Ấp Trường Đức, Xã Trường Đông, Thị xã Hoà Thành, Tỉnh Tây Ninh, Việt Nam"
https://masothue.com/0316158113-cong-ty-tnhh-khi-hoa-long-viet-nam-vt-gas,0316158113,"Bán buôn nhiên liệu rắn, lỏng, khí và các sản phẩm liên quan",CÔNG TY TNHH KHÍ HÓA LỎNG VIỆT NAM - VT GAS - CHI NHÁNH VŨNG TÀU,0316158113-006,LÊ KHẮC NINH,"Đường số 3, Khu công nghiệp Đông Xuyên, Phường Rạch Dừa, Thành phố Vũng Tàu, Tỉnh Bà Rịa - Vũng Tàu, Việt Nam"
https://masothue.com/6000647581-cong-ty-tnhh-mot-thanh-vien-dau-khi-an-pha-tay-nguyen,6000647581,Vận tải hàng hóa bằng đường bộ,CHI NHÁNH CÔNG TY TNHH MỘT THÀNH VIÊN DẦU KHÍ AN PHA TÂY NGUYÊN TẠI GIA LAI,6000647581-001,TẠ QUANG PHÚ,"Thôn 2, Xã Chư Hdrông, Thành phố Pleiku, Tỉnh Gia Lai, Việt Nam"
https://masothue.com/6000647581-cong-ty-tnhh-mot-thanh-vien-dau-khi-an-pha-tay-nguyen,6000647581,Vận tải hàng hóa bằng đường bộ,CỬA HÀNG DAKGAS - CHI NHÁNH CÔNG TY TNHH MỘT THÀNH VIÊN DẦU KHÍ AN PHA TÂY NGUYÊN TẠI GIA LAI,6000647581-002,TẠ QUANG PHÚ,"133 Sư Vạn Hạnh, Phường Hội Thương, Thành phố Pleiku, Tỉnh Gia Lai, Việt Nam"
https://masothue.com/6000647581-cong-ty-tnhh-mot-thanh-vien-dau-khi-an-pha-tay-nguyen,6000647581,Vận tải hàng hóa bằng đường bộ,CỬA HÀNG DAKGAS - CHƯ SÊ - CHI NHÁNH CÔNG TY TNHH MỘT THÀNH VIÊN DẦU KHÍ AN PHA TÂY NGUYÊN TẠI GIA LAI,6000647581-003,TẠ QUANG PHÚ,"717 Hùng Vương, Thị Trấn Chư Sê, Huyện Chư Sê, Tỉnh Gia Lai, Việt Nam"
https://masothue.com/0402079923-cong-ty-tnhh-dau-tu-va-phat-trien-cong-nghe-cao-saigontel,0402079923,"Kinh doanh bất động sản, quyền sử dụng đất thuộc chủ sở hữu, chủ sử dụng hoặc đi thuê",,,,
https://masothue.com/0901096561-cong-ty-tnhh-mtv-cong-nghiep-saigontel-hung-yen,0901096561,"Kinh doanh bất động sản, quyền sử dụng đất thuộc chủ sở hữu, chủ sử dụng hoặc đi thuê",,,,
https://masothue.com/1101977241-cong-ty-trach-nhiem-huu-han-saigontel-long-an,1101977241,"Kinh doanh bất động sản, quyền sử dụng đất thuộc chủ sở hữu, chủ sử dụng hoặc đi thuê",,,,
https://masothue.com/4601571894-cong-ty-tnhh-mtv-cong-nghiep-saigontel-thai-nguyen,4601571894,"Kinh doanh bất động sản, quyền sử dụng đất thuộc chủ sở hữu, chủ sử dụng hoặc đi thuê",,,,
https://masothue.com/5702079088-cong-ty-tnhh-mtv-cong-nghiep-saigontel-quang-ninh,5702079088,"Kinh doanh bất động sản, quyền sử dụng đất thuộc chủ sở hữu, chủ sử dụng hoặc đi thuê",,,,
https://masothue.com/0900178525-cong-ty-trach-nhiem-huu-han-mot-thanh-vien-kinh-do-mien-bac,0900178525,Sản xuất các loại bánh từ bột,CHI NHÁNH CÔNG TY TRÁCH NHIỆM HỮU HẠN MỘT THÀNH VIÊN KINH ĐÔ MIỀN BẮC,0900178525-001,TRẦN QUỐC VIỆT,"Tòa nhà Vinaconex, 34 Láng Hạ, Phường Láng Hạ, Quận Đống Đa, Thành phố Hà Nội, Việt Nam"
https://masothue.com/0900178525-cong-ty-trach-nhiem-huu-han-mot-thanh-vien-kinh-do-mien-bac,0900178525,Sản xuất các loại bánh từ bột,KINH ĐÔ BAKERY - CHI NHÁNH CÔNG TY TRÁCH NHIỆM HỮU HẠN MỘT THÀNH VIÊN KINH ĐÔ MIỀN BẮC,0900178525-002,TRẦN QUỐC VIỆT,"Số 200 Thái Hà, Phường Trung Liệt, Quận Đống Đa, Thành phố Hà Nội, Việt Nam"
https://masothue.com/0900178525-cong-ty-trach-nhiem-huu-han-mot-thanh-vien-kinh-do-mien-bac,0900178525,Sản xuất các loại bánh từ bột,KINH ĐÔ BAKERY - CHI NHÁNH CÔNG TY TRÁCH NHIỆM HỮU HẠN MỘT THÀNH VIÊN KINH ĐÔ MIỀN BẮC,0900178525-003,TRẦN QUỐC VIỆT,"Số 195B, phố Đội Cấn, Phường Đội Cấn, Quận Ba Đình, Thành phố Hà Nội, Việt Nam"
https://masothue.com/0316328421-cong-ty-tnhh-the-sherpa,0316328421,Hoạt động tư vấn quản lý,,,,
https://masothue.com/0317331434-cong-ty-tnhh-zenith-investment,0317331434,Hoạt động tư vấn quản lý,,,,
https://masothue.com/0300808221-cong-ty-lien-doanh-bio-pharmachemie,0300808221,"Sản xuất thuốc, hoá dược và dược liệu",CỬA HÀNG BÁN VÀ GIỚI THIỆU SẢN PHẨM C/TY LD SX THUỐC THÚ Y,0300808221-001,Nguyễn Hiếu Liêm,61B Trường Chinh - - Quận Đống đa - Hà Nội.
https://masothue.com/0316503257-cong-ty-tnhh-thuc-pham-mat-troi-moc,0316503257,Bán buôn thực phẩm,VĂN PHÒNG ĐẠI DIỆN CÔNG TY TNHH THỰC PHẨM MẶT TRỜI MỌC,0316503257-001,LÊ HỒNG BẢO CHÂU,"262 Nam Kỳ Khởi Nghĩa, Phường Võ Thị Sáu, Quận 3, Thành phố Hồ Chí Minh, Việt Nam"
https://masothue.com/0316595603-cong-ty-tnhh-san-xuat-va-thuong-mai-nova-beverages,0316595603,"Sản xuất đồ uống không cồn, nước khoáng",,,,
https://masothue.com/0106375601-cong-ty-tnhh-mot-thanh-vien-co-opmart-hoang-mai,0106375601,Bán lẻ thực phẩm trong các cửa hàng chuyên doanh,,,,
https://masothue.com/0107751489-cong-ty-tnhh-mot-thanh-vien-marfour,0107751489,Bán lẻ khác trong các cửa hàng kinh doanh tổng hợp,,,,
https://masothue.com/0201264531-cong-ty-tnhh-mot-thanh-vien-co-opmart-hai-phong,0201264531,Bán lẻ thực phẩm trong các cửa hàng chuyên doanh,,,,
https://masothue.com/0305282729-cong-ty-tnhh-mot-thanh-vien-phan-phoi-sai-gon-co-op,0305282729,"Bán lẻ sách, báo, tạp chí văn phòng phẩm trong các cửa hàng chuyên doanh",,,,
https://masothue.com/0305305768-cong-ty-tnhh-mot-thanh-vien-sai-gon-co-op-nhieu-loc,0305305768,Khác,,,,
https://masothue.com/0305314931-cong-ty-tnhh-mot-thanh-vien-thuong-mai-dich-vu-an-dong,0305314931,"Bán lẻ lương thực, thực phẩm, đồ uống, thuốc lá, thuốc lào chiếm tỷ trọng lớn trong các cửa hàng kinh doanh tổng hợp",,,,
https://masothue.com/0305389020-cong-ty-tnhh-mot-thanh-vien-sai-gon-co-op-binh-tan,0305389020,"Bán lẻ lương thực, thực phẩm, đồ uống, thuốc lá, thuốc lào chiếm tỷ trọng lớn trong các cửa hàng kinh doanh tổng hợp",,,,
https://masothue.com/0305547132-cong-ty-tnhh-mot-thanh-vien-thuong-mai-dich-vu-binh-dong,0305547132,Bán lẻ thực phẩm trong các cửa hàng chuyên doanh,,,,
https://masothue.com/0305761111-cong-ty-tnhh-mot-thanh-vien-sai-gon-co-op-phu-lam,0305761111,"Bán lẻ lương thực, thực phẩm, đồ uống, thuốc lá, thuốc lào chiếm tỷ trọng lớn trong các cửa hàng kinh doanh tổng hợp",,,,
https://masothue.com/0305772762-cong-ty-tnhh-mot-thanh-vien-sai-gon-co-op-dinh-chieu,0305772762,"Bán lẻ lương thực, thực phẩm, đồ uống, thuốc lá, thuốc lào chiếm tỷ trọng lớn trong các cửa hàng kinh doanh tổng hợp",,,,
https://masothue.com/0305773540-cong-ty-tnhh-mot-thanh-vien-sai-gon-co-op-dam-sen,0305773540,Bán lẻ thực phẩm trong các cửa hàng chuyên doanh,,,,
https://masothue.com/0305778394-cong-ty-tnhh-mot-thanh-vien-sai-gon-co-op-phu-nhuan,0305778394,Bán lẻ thực phẩm trong các cửa hàng chuyên doanh,,,,
https://masothue.com/0305778411-cong-ty-tnhh-mot-thanh-vien-sai-gon-co-op-tien-hoang,0305778411,Khác,,,,
https://masothue.com/0305781492-cong-ty-tnhh-mot-thanh-vien-sai-gon-co-op-hau-giang,0305781492,"Bán lẻ lương thực, thực phẩm, đồ uống, thuốc lá, thuốc lào chiếm tỷ trọng lớn trong các cửa hàng kinh doanh tổng hợp",,,,
https://masothue.com/0305781598-cong-ty-tnhh-mot-thanh-vien-sai-gon-co-op-thang-loi,0305781598,Bán lẻ thực phẩm trong các cửa hàng chuyên doanh,CHI NHÁNH CÔNG TY TNHH SÀI GÒN CO.OP THẮNG LỢI - CỬA HÀNG COOPFOOD KHU CÔNG NGHIỆP TÂN BÌNH,0305781598-001,VĂN THÀNH SỰ,"Lô III, đường CN1, Nhóm CNIII, KCN Tân Bình, Phường Tây Thạnh, Quận Tân Phú, Thành phố Hồ Chí Minh, Việt Nam"
https://masothue.com/0305784415-cong-ty-tnhh-mot-thanh-vien-sai-gon-co-op-cong-quynh,0305784415,"Bán lẻ lương thực, thực phẩm, đồ uống, thuốc lá, thuốc lào chiếm tỷ trọng lớn trong các cửa hàng kinh doanh tổng hợp",,,,
https://masothue.com/0308123011-cong-ty-tnhh-mot-thanh-vien-sai-gon-co-op-rach-mieu,0308123011,Khác,,,,
https://masothue.com/0309120630-cong-ty-tnhh-mot-thanh-vien-sai-gon-co-op-go-vap,0309120630,"Bán lẻ lương thực, thực phẩm, đồ uống, thuốc lá, thuốc lào chiếm tỷ trọng lớn trong các cửa hàng kinh doanh tổng hợp",,,,
https://masothue.com/0309129418-chi-nhanh-cong-ty-tnhh-mot-thanh-vien-thuc-pham-saigon-co-op-cua-hang-thuc-pham-le-quang-dinh,0309129418,Bán lẻ lương thực trong các cửa hàng chuyên doanh,CHI NHÁNH CÔNG TY TNHH MỘT THÀNH VIÊN THỰC PHẨM SAIGON CO.OP - CỬA HÀNG CO.OP FOOD ĐẶNG VĂN BI,0309129418-001,VÕ THỊ NGỌC HƯỜNG,"1 Đặng Văn Bi, Phường Bình Thọ, Thành phố Thủ Đức, Thành phố Hồ Chí Minh, Việt Nam"
https://masothue.com/0309129418-chi-nhanh-cong-ty-tnhh-mot-thanh-vien-thuc-pham-saigon-co-op-cua-hang-thuc-pham-le-quang-dinh,0309129418,Bán lẻ lương thực trong các cửa hàng chuyên doanh,CHI NHÁNH CÔNG TY TNHH MỘT THÀNH VIÊN THỰC PHẨM SAIGON CO.OP - CỬA HÀNG CO.OP FOOD 3 THÁNG 2,0309129418-002,VÕ THỊ NGỌC HƯỜNG,"1380 - 1384 Đường 3/2, Phường 2, Quận 11, Thành phố Hồ Chí Minh, Việt Nam"
https://masothue.com/0309129418-chi-nhanh-cong-ty-tnhh-mot-thanh-vien-thuc-pham-saigon-co-op-cua-hang-thuc-pham-le-quang-dinh,0309129418,Bán lẻ lương thực trong các cửa hàng chuyên doanh,CHI NHÁNH CÔNG TY TNHH MỘT THÀNH VIÊN THỰC PHẨM SAIGON CO.OP - CỬA HÀNG CO.OP FOOD 113 TRẦN CHÁNH CHIẾU,0309129418-003,VÕ THỊ NGỌC HƯỜNG,"113 Trần Chánh Chiếu, Phường 14, Quận 5, Thành phố Hồ Chí Minh, Việt Nam"
https://masothue.com/0309129418-chi-nhanh-cong-ty-tnhh-mot-thanh-vien-thuc-pham-saigon-co-op-cua-hang-thuc-pham-le-quang-dinh,0309129418,Bán lẻ lương thực trong các cửa hàng chuyên doanh,CHI NHÁNH CÔNG TY TNHH MỘT THÀNH VIÊN THỰC PHẨM SAIGON CO.OP- CỬA HÀNG CO.OP FOOD CHỢ LỚN,0309129418-004,VÕ THỊ NGỌC HƯỜNG,"Số 2C Chợ Lớn, Phường 11, Quận 6, Thành phố Hồ Chí Minh, Việt Nam"
https://masothue.com/0309129418-chi-nhanh-cong-ty-tnhh-mot-thanh-vien-thuc-pham-saigon-co-op-cua-hang-thuc-pham-le-quang-dinh,0309129418,Bán lẻ lương thực trong các cửa hàng chuyên doanh,CHI NHÁNH CÔNG TY TNHH MỘT THÀNH VIÊN THỰC PHẨM SAIGON CO.OP - CỬA HÀNG CO.OP FOOD ĐÔNG THẠNH,0309129418-005,VÕ THỊ NGỌC HƯỜNG,"247 Đặng Thúc Vịnh, Xã Đông Thạnh, Huyện Hóc Môn, Thành phố Hồ Chí Minh, Việt Nam"
https://masothue.com/0309129418-chi-nhanh-cong-ty-tnhh-mot-thanh-vien-thuc-pham-saigon-co-op-cua-hang-thuc-pham-le-quang-dinh,0309129418,Bán lẻ lương thực trong các cửa hàng chuyên doanh,CHI NHÁNH CÔNG TY TNHH MỘT THÀNH VIÊN THỰC PHẨM SAIGON CO.OP - CỬA HÀNG CO.OP FOOD 49-50 ĐS1 CHU VĂN AN,0309129418-006,VÕ THỊ NGỌC HƯỜNG,"43 Đường số 1, Cư xá Chu Văn An, Phường 26, Quận Bình Thạnh, Thành phố Hồ Chí Minh, Việt Nam"
https://masothue.com/0309129418-chi-nhanh-cong-ty-tnhh-mot-thanh-vien-thuc-pham-saigon-co-op-cua-hang-thuc-pham-le-quang-dinh,0309129418,Bán lẻ lương thực trong các cửa hàng chuyên doanh,CHI NHÁNH CÔNG TY TNHH MỘT THÀNH VIÊN THỰC PHẨM SAIGON CO.OP - CỬA HÀNG CO.OP FOOD 95 PASTEUR,0309129418-007,VÕ THỊ NGỌC HƯỜNG,"95 Pasteur, Phường Bến Nghé, Quận 1, Thành phố Hồ Chí Minh, Việt Nam"
https://masothue.com/0309129418-chi-nhanh-cong-ty-tnhh-mot-thanh-vien-thuc-pham-saigon-co-op-cua-hang-thuc-pham-le-quang-dinh,0309129418,Bán lẻ lương thực trong các cửa hàng chuyên doanh,CHI NHÁNH CÔNG TY TNHH MỘT THÀNH VIÊN THỰC PHẨM SAIGON CO.OP - CỬA HÀNG CO.OP FOOD CHUNG CƯ PHAN VĂN TRỊ,0309129418-008,VÕ THỊ NGỌC HƯỜNG,"Tầng trệt, Lô B chung cư Phan Văn Trị, Phan Văn Trị, Phường 02, Quận 5, Thành phố Hồ Chí Minh, Việt Nam"
https://masothue.com/0309129418-chi-nhanh-cong-ty-tnhh-mot-thanh-vien-thuc-pham-saigon-co-op-cua-hang-thuc-pham-le-quang-dinh,0309129418,Bán lẻ lương thực trong các cửa hàng chuyên doanh,CHI NHÁNH CÔNG TY TNHH MỘT THÀNH VIÊN THỰC PHẨM SAIGON CO.OP - CỬA HÀNG CO.OP FOOD PHẠM NHỮ TĂNG 11,0309129418-011,VÕ THỊ NGỌC HƯỜNG,"11-13 Phạm Nhữ Tăng, Phường 4, Quận 8, Thành phố Hồ Chí Minh, Việt Nam"
https://masothue.com/0309129418-chi-nhanh-cong-ty-tnhh-mot-thanh-vien-thuc-pham-saigon-co-op-cua-hang-thuc-pham-le-quang-dinh,0309129418,Bán lẻ lương thực trong các cửa hàng chuyên doanh,CHI NHÁNH CÔNG TY TNHH MỘT THÀNH VIÊN THỰC PHẨM SAIGON CO.OP - CỬA HÀNG CO.OP FOOD CẦU KINH,0309129418-012,VÕ THỊ NGỌC HƯỜNG,"Số 684 Đường Xô Viết Nghệ Tĩnh, Phường 25, Quận Bình Thạnh, Thành phố Hồ Chí Minh, Việt Nam"
https://masothue.com/0309129418-chi-nhanh-cong-ty-tnhh-mot-thanh-vien-thuc-pham-saigon-co-op-cua-hang-thuc-pham-le-quang-dinh,0309129418,Bán lẻ lương thực trong các cửa hàng chuyên doanh,CHI NHÁNH CÔNG TY TNHH MỘT THÀNH VIÊN THỰC PHẨM SAIGON CO.OP - CỬA HÀNG CO.OP FOOD PHÚC AN LỘC,0309129418-013,VÕ THỊ NGỌC HƯỜNG,"Số 2-4-6 Đường số 2, khu phố 5, Phường An Phú, Thành phố Thủ Đức, Thành phố Hồ Chí Minh, Việt Nam"
https://masothue.com/0309129418-chi-nhanh-cong-ty-tnhh-mot-thanh-vien-thuc-pham-saigon-co-op-cua-hang-thuc-pham-le-quang-dinh,0309129418,Bán lẻ lương thực trong các cửa hàng chuyên doanh,CHI NHÁNH CÔNG TY TNHH MỘT THÀNH VIÊN THỰC PHẨM SAIGON CO.OP - CO.OP FOOD TÂN THỚI HIỆP,0309129418-014,VÕ THỊ NGỌC HƯỜNG,"265A Nguyễn ảnh Thủ, Khu phố 6, Phường Hiệp Thành, Quận 12, Thành phố Hồ Chí Minh, Việt Nam"
https://masothue.com/0309129418-chi-nhanh-cong-ty-tnhh-mot-thanh-vien-thuc-pham-saigon-co-op-cua-hang-thuc-pham-le-quang-dinh,0309129418,Bán lẻ lương thực trong các cửa hàng chuyên doanh,CHI NHÁNH CÔNG TY TNHH MỘT THÀNH VIÊN THỰC PHẨM SAIGON CO.OP - CỬA HÀNG CO.OP FOOD LINH TRUNG,0309129418-015,VÕ THỊ NGỌC HƯỜNG,"Lô CV-5, Đường Nam Khu Chế Xuất, Khu chế xuất Linh Trung II, Phường Bình Chiểu, Thành phố Thủ Đức, Thành phố Hồ Chí Minh, Việt Nam"
https://masothue.com/0309129418-chi-nhanh-cong-ty-tnhh-mot-thanh-vien-thuc-pham-saigon-co-op-cua-hang-thuc-pham-le-quang-dinh,0309129418,Bán lẻ lương thực trong các cửa hàng chuyên doanh,CHI NHÁNH CÔNG TY TNHH MỘT THÀNH VIÊN THỰC PHẨM SAIGON CO.OP - CỬA HÀNG CO.OP FOOD 453 LÊ ĐỨC THỌ,0309129418-016,VÕ THỊ NGỌC HƯỜNG,"Số 453 Lê Đức Thọ, Phường 16, Quận Gò Vấp, Thành phố Hồ Chí Minh, Việt Nam"
https://masothue.com/0309129418-chi-nhanh-cong-ty-tnhh-mot-thanh-vien-thuc-pham-saigon-co-op-cua-hang-thuc-pham-le-quang-dinh,0309129418,Bán lẻ lương thực trong các cửa hàng chuyên doanh,CHI NHÁNH CÔNG TY TNHH MỘT THÀNH VIÊN THỰC PHẨM SAIGON CO.OP - CỬA HÀNG CO.OP FOOD 33-35 NGUYỄN BÁ TÒNG,0309129418-017,VÕ THỊ NGỌC HƯỜNG,"Số 33-35 Nguyễn Bá Tòng, Phường Tân Thành, Quận Tân Phú, Thành phố Hồ Chí Minh, Việt Nam"
https://masothue.com/0309129418-chi-nhanh-cong-ty-tnhh-mot-thanh-vien-thuc-pham-saigon-co-op-cua-hang-thuc-pham-le-quang-dinh,0309129418,Bán lẻ lương thực trong các cửa hàng chuyên doanh,CHI NHÁNH CÔNG TY TNHH MỘT THÀNH VIÊN THỰC PHẨM SAIGON CO.OP - CỬA HÀNG CO.OP FOOD BÌNH HÒA,0309129418-018,VÕ THỊ NGỌC HƯỜNG,"Số 288 Phan Văn Trị, Phường 11, Quận Bình Thạnh, Thành phố Hồ Chí Minh, Việt Nam"
https://masothue.com/0309129418-chi-nhanh-cong-ty-tnhh-mot-thanh-vien-thuc-pham-saigon-co-op-cua-hang-thuc-pham-le-quang-dinh,0309129418,Bán lẻ lương thực trong các cửa hàng chuyên doanh,CHI NHÁNH CÔNG TY TNHH MỘT THÀNH VIÊN THỰC PHẨM SAIGON CO.OP - CỬA HÀNG CO.OP FOOD 283 LÊ QUANG ĐỊNH,0309129418-019,VÕ THỊ NGỌC HƯỜNG,"Số 283 Lê Quang Định, Phường 7, Quận Bình Thạnh, Thành phố Hồ Chí Minh, Việt Nam"
https://masothue.com/0309129418-chi-nhanh-cong-ty-tnhh-mot-thanh-vien-thuc-pham-saigon-co-op-cua-hang-thuc-pham-le-quang-dinh,0309129418,Bán lẻ lương thực trong các cửa hàng chuyên doanh,CHI NHÁNH CÔNG TY TNHH MỘT THÀNH VIÊN THỰC PHẨM SAIGON CO.OP - CỬA HÀNG CO.OP FOOD BÀ CHIỂU,0309129418-020,VÕ THỊ NGỌC HƯỜNG,"Số 473C Bạch Đằng, Phường 2, Quận Bình Thạnh, Thành phố Hồ Chí Minh, Việt Nam"
https://masothue.com/0309129418-chi-nhanh-cong-ty-tnhh-mot-thanh-vien-thuc-pham-saigon-co-op-cua-hang-thuc-pham-le-quang-dinh,0309129418,Bán lẻ lương thực trong các cửa hàng chuyên doanh,CHI NHÁNH CÔNG TY TNHH MỘT THÀNH VIÊN THỰC PHẨM SAIGON CO.OP - CỬA HÀNG CO.OP FOOD 80 LÊ VĂN THỌ,0309129418-021,VÕ THỊ NGỌC HƯỜNG,"189 Lê Văn Thọ, Phường 8, Quận Gò Vấp, Thành phố Hồ Chí Minh, Việt Nam"
https://masothue.com/0309129418-chi-nhanh-cong-ty-tnhh-mot-thanh-vien-thuc-pham-saigon-co-op-cua-hang-thuc-pham-le-quang-dinh,0309129418,Bán lẻ lương thực trong các cửa hàng chuyên doanh,CHI NHÁNH CÔNG TY TNHH MỘT THÀNH VIÊN THỰC PHẨM SAIGON CO.OP - CỬA HÀNG CO.OP FOOD 431 NGUYỄN THỊ ĐỊNH,0309129418-022,VÕ THỊ NGỌC HƯỜNG,"Số 431 Nguyễn Thị Định, Phường Cát Lái, Thành phố Thủ Đức, Thành phố Hồ Chí Minh, Việt Nam"
https://masothue.com/0309129418-chi-nhanh-cong-ty-tnhh-mot-thanh-vien-thuc-pham-saigon-co-op-cua-hang-thuc-pham-le-quang-dinh,0309129418,Bán lẻ lương thực trong các cửa hàng chuyên doanh,CHI NHÁNH CÔNG TY TNHH MỘT THÀNH VIÊN THỰC PHẨM SAIGON CO.OP - CỬA HÀNG CO.OP FOOD TÔ NGỌC VÂN 478,0309129418-023,VÕ THỊ NGỌC HƯỜNG,"478A-482A Tô Ngọc Vân, Phường Thạnh Xuân, Quận 12, Thành phố Hồ Chí Minh, Việt Nam"
https://masothue.com/0309129418-chi-nhanh-cong-ty-tnhh-mot-thanh-vien-thuc-pham-saigon-co-op-cua-hang-thuc-pham-le-quang-dinh,0309129418,Bán lẻ lương thực trong các cửa hàng chuyên doanh,CHI NHÁNH CÔNG TY TNHH MỘT THÀNH VIÊN THỰC PHẨM SAIGON CO.OP - CỬA HÀNG CO.OP FOOD BÌNH TRƯNG,0309129418-024,VÕ THỊ NGỌC HƯỜNG,"Số 20 Nguyễn Duy Trinh, Phường Bình Trưng Tây, Thành phố Thủ Đức, Thành phố Hồ Chí Minh, Việt Nam"
https://masothue.com/0309129418-chi-nhanh-cong-ty-tnhh-mot-thanh-vien-thuc-pham-saigon-co-op-cua-hang-thuc-pham-le-quang-dinh,0309129418,Bán lẻ lương thực trong các cửa hàng chuyên doanh,CHI NHÁNH CÔNG TY TNHH MỘT THÀNH VIÊN THỰC PHẨM SAIGON CO.OP - CỬA HÀNG CO.OP FOOD THẢO ĐIỀN,0309129418-025,VÕ THỊ NGỌC HƯỜNG,"Số 37 Đường 47, Phường Thảo Điền, Thành phố Thủ Đức, Thành phố Hồ Chí Minh, Việt Nam"
https://masothue.com/0309129418-chi-nhanh-cong-ty-tnhh-mot-thanh-vien-thuc-pham-saigon-co-op-cua-hang-thuc-pham-le-quang-dinh,0309129418,Bán lẻ lương thực trong các cửa hàng chuyên doanh,CHI NHÁNH CÔNG TY TNHH MỘT THÀNH VIÊN THỰC PHẨM SAIGON CO.OP - CỬA HÀNG CO.OP FOOD HIỆP BÌNH,0309129418-026,VÕ THỊ NGỌC HƯỜNG,"Số 45 Hiệp Bình, Phường Hiệp Bình Chánh, Thành phố Thủ Đức, Thành phố Hồ Chí Minh, Việt Nam"
https://masothue.com/0309129418-chi-nhanh-cong-ty-tnhh-mot-thanh-vien-thuc-pham-saigon-co-op-cua-hang-thuc-pham-le-quang-dinh,0309129418,Bán lẻ lương thực trong các cửa hàng chuyên doanh,CHI NHÁNH CÔNG TY TNHH MỘT THÀNH VIÊN THỰC PHẨM SAIGON CO.OP - CỬA HÀNG CO.OP FOOD PHÚ LỢI,0309129418-027,VÕ THỊ NGỌC HƯỜNG,"Số 3419C Phạm Thế Hiển, Phường 7, Quận 8, Thành phố Hồ Chí Minh, Việt Nam"
https://masothue.com/0309129418-chi-nhanh-cong-ty-tnhh-mot-thanh-vien-thuc-pham-saigon-co-op-cua-hang-thuc-pham-le-quang-dinh,0309129418,Bán lẻ lương thực trong các cửa hàng chuyên doanh,CHI NHÁNH CÔNG TY TNHH MỘT THÀNH VIÊN THỰC PHẨM SAIGON CO.OP - CỬA HÀNG THỰC PHẨM 214 TRẦN QUANG KHẢI,0309129418-028,VÕ THỊ NGỌC HƯỜNG,"Horizon Tower, 214 Trần Quang Khải, Phường Tân Định, Quận 1, Thành phố Hồ Chí Minh, Việt Nam"
https://masothue.com/0309129418-chi-nhanh-cong-ty-tnhh-mot-thanh-vien-thuc-pham-saigon-co-op-cua-hang-thuc-pham-le-quang-dinh,0309129418,Bán lẻ lương thực trong các cửa hàng chuyên doanh,CHI NHÁNH CÔNG TY TNHH MỘT THÀNH VIÊN THỰC PHẨM SAIGON CO.OP - CỬA HÀNG CO.OP FOOD CHUNG CƯ SUNRISE RIVERSIDE,0309129418-029,VÕ THỊ NGỌC HƯỜNG,"Căn hộ K.1.11 và K.1.12, tầng 1, Tháp K, thuộc Dự án Khu nhà ở xã Phước Kiển (Lô G và Lô E), Ấp 5, Xã Phước Kiển, Huyện Nhà Bè, Thành phố Hồ Chí Minh, Việt Nam"
https://masothue.com/0309129418-chi-nhanh-cong-ty-tnhh-mot-thanh-vien-thuc-pham-saigon-co-op-cua-hang-thuc-pham-le-quang-dinh,0309129418,Bán lẻ lương thực trong các cửa hàng chuyên doanh,CHI NHÁNH CÔNG TY TNHH MỘT THÀNH VIÊN THỰC PHẨM SAIGON CO.OP - CỬA HÀNG CO.OP FOOD BÌNH TRƯNG ĐÔNG,0309129418-030,VÕ THỊ NGỌC HƯỜNG,"9 Đường 20, Phường Bình Trưng Đông, Thành phố Thủ Đức, Thành phố Hồ Chí Minh, Việt Nam"
https://masothue.com/0309129418-chi-nhanh-cong-ty-tnhh-mot-thanh-vien-thuc-pham-saigon-co-op-cua-hang-thuc-pham-le-quang-dinh,0309129418,Bán lẻ lương thực trong các cửa hàng chuyên doanh,CHI NHÁNH CÔNG TY TNHH MỘT THÀNH VIÊN THỰC PHẨM SAIGON CO.OP - CỬA HÀNG CO.OP FOOD 345 NGUYỄN VĂN QUÁ,0309129418-031,VÕ THỊ NGỌC HƯỜNG,"345 Nguyễn Văn Quá, Phường Đông Hưng Thuận, Quận 12, Thành phố Hồ Chí Minh, Việt Nam"
https://masothue.com/0309129418-chi-nhanh-cong-ty-tnhh-mot-thanh-vien-thuc-pham-saigon-co-op-cua-hang-thuc-pham-le-quang-dinh,0309129418,Bán lẻ lương thực trong các cửa hàng chuyên doanh,CHI NHÁNH CÔNG TY TNHH MỘT THÀNH VIÊN THỰC PHẨM SAIGON CO.OP - CỬA HÀNG CO.OP FOOD CHỢ CẦU,0309129418-032,VÕ THỊ NGỌC HƯỜNG,"916 Nguyễn Văn Quá, Phường Đông Hưng Thuận, Quận 12, Thành phố Hồ Chí Minh, Việt Nam"
https://masothue.com/0309129418-chi-nhanh-cong-ty-tnhh-mot-thanh-vien-thuc-pham-saigon-co-op-cua-hang-thuc-pham-le-quang-dinh,0309129418,Bán lẻ lương thực trong các cửa hàng chuyên doanh,CHI NHÁNH CÔNG TY TNHH MỘT THÀNH VIÊN THỰC PHẨM SAIGON CO.OP-CỬA HÀNG CO.OP FOOD 16 NGUYỄN CỬU ĐÀM,0309129418-033,VÕ THỊ NGỌC HƯỜNG,"16 Nguyễn Cửu Đàm, Phường Tân Sơn Nhì, Quận Tân Phú, Thành phố Hồ Chí Minh, Việt Nam"
https://masothue.com/0309129418-chi-nhanh-cong-ty-tnhh-mot-thanh-vien-thuc-pham-saigon-co-op-cua-hang-thuc-pham-le-quang-dinh,0309129418,Bán lẻ lương thực trong các cửa hàng chuyên doanh,CHI NHÁNH CÔNG TY TNHH MỘT THÀNH VIÊN THỰC PHẨM SAIGON CO.OP- CỬA HÀNG CO.OP FOOD 390 NGUYỄN OANH,0309129418-034,VÕ THỊ NGỌC HƯỜNG,"Số 390 Nguyễn Oanh, Phường 6, Quận Gò Vấp, Thành phố Hồ Chí Minh, Việt Nam"
https://masothue.com/0309129418-chi-nhanh-cong-ty-tnhh-mot-thanh-vien-thuc-pham-saigon-co-op-cua-hang-thuc-pham-le-quang-dinh,0309129418,Bán lẻ lương thực trong các cửa hàng chuyên doanh,CHI NHÁNH CÔNG TY TNHH MỘT THÀNH VIÊN THỰC PHẨM SAIGON CO.OP - CỬA HÀNG CO.OP FOOD 169 LÂM VĂN BỀN,0309129418-035,VÕ THỊ NGỌC HƯỜNG,"169 Lâm Văn Bền, Phường Bình Thuận, Quận 7, Thành phố Hồ Chí Minh, Việt Nam"
https://masothue.com/0309129418-chi-nhanh-cong-ty-tnhh-mot-thanh-vien-thuc-pham-saigon-co-op-cua-hang-thuc-pham-le-quang-dinh,0309129418,Bán lẻ lương thực trong các cửa hàng chuyên doanh,CHI NHÁNH CÔNG TY TNHH MỘT THÀNH VIÊN THỰC PHẨM SAIGON CO.OP - CỬA HÀNG CO.OP FOOD 4 TÔ KÝ,0309129418-036,NGÔ TRIỀU DƯƠNG,"Số 4/5 Tô Ký, Ấp Mỹ Huề, Xã Trung Chánh, Huyện Hóc Môn, Thành phố Hồ Chí Minh, Việt Nam"
https://masothue.com/0309129418-chi-nhanh-cong-ty-tnhh-mot-thanh-vien-thuc-pham-saigon-co-op-cua-hang-thuc-pham-le-quang-dinh,0309129418,Bán lẻ lương thực trong các cửa hàng chuyên doanh,CHI NHÁNH CÔNG TY TNHH MỘT THÀNH VIÊN THỰC PHẨM SAIGON CO.OP - CỬA HÀNG CO.OP FOOD 851 TRẦN XUÂN SOẠN,0309129418-037,VÕ THỊ NGỌC HƯỜNG,"851 Trần Xuân Soạn, Phường Tân Hưng, Quận 7, Thành phố Hồ Chí Minh, Việt Nam"
https://masothue.com/0309129418-chi-nhanh-cong-ty-tnhh-mot-thanh-vien-thuc-pham-saigon-co-op-cua-hang-thuc-pham-le-quang-dinh,0309129418,Bán lẻ lương thực trong các cửa hàng chuyên doanh,CHI NHÁNH CÔNG TY TNHH MỘT THÀNH VIÊN THỰC PHẨM SAIGON CO.OP - CỬA HÀNG CO.OP FOOD LẠC LONG QUÂN,0309129418-038,VÕ THỊ NGỌC HƯỜNG,"542-544 đường Lạc Long Quân, Phường 5, Quận 11, Thành phố Hồ Chí Minh, Việt Nam"
https://masothue.com/0309129418-chi-nhanh-cong-ty-tnhh-mot-thanh-vien-thuc-pham-saigon-co-op-cua-hang-thuc-pham-le-quang-dinh,0309129418,Bán lẻ lương thực trong các cửa hàng chuyên doanh,CHI NHÁNH CÔNG TY TNHH MỘT THÀNH VIÊN THỰC PHẨM SAIGON CO.OP - CỬA HÀNG CO.OP FOOD LÝ CHIÊU HOÀNG 113,0309129418-039,VÕ THỊ NGỌC HƯỜNG,"113 Lý Chiêu Hoàng, Phường 10, Quận 6, Thành phố Hồ Chí Minh, Việt Nam"
https://masothue.com/0309129418-chi-nhanh-cong-ty-tnhh-mot-thanh-vien-thuc-pham-saigon-co-op-cua-hang-thuc-pham-le-quang-dinh,0309129418,Bán lẻ lương thực trong các cửa hàng chuyên doanh,CHI NHÁNH CÔNG TY TNHH MỘT THÀNH VIÊN THỰC PHẨM SAIGON CO.OP - CỬA HÀNG CO.OP FOOD 347 ĐỖ XUÂN HỢP,0309129418-040,VÕ THỊ NGỌC HƯỜNG,"347 - 347A Đỗ Xuân Hợp, Phường Phước Long B, Thành phố Thủ Đức, Thành phố Hồ Chí Minh, Việt Nam"
https://masothue.com/0309129418-chi-nhanh-cong-ty-tnhh-mot-thanh-vien-thuc-pham-saigon-co-op-cua-hang-thuc-pham-le-quang-dinh,0309129418,Bán lẻ lương thực trong các cửa hàng chuyên doanh,CHI NHÁNH CÔNG TY TNHH MỘT THÀNH VIÊN THỰC PHẨM SAIGON CO.OP - CỬA HÀNG CO.OP FOOD VĨNH HỘI,0309129418-041,VÕ THỊ NGỌC HƯỜNG,"102 -104 Vĩnh Hội, Phường 04, Quận 4, Thành phố Hồ Chí Minh, Việt Nam"
https://masothue.com/0309129418-chi-nhanh-cong-ty-tnhh-mot-thanh-vien-thuc-pham-saigon-co-op-cua-hang-thuc-pham-le-quang-dinh,0309129418,Bán lẻ lương thực trong các cửa hàng chuyên doanh,CHI NHÁNH CÔNG TY TNHH MỘT THÀNH VIÊN THỰC PHẨM SAIGON CO.OP - CỬA HÀNG CO.OP FOOD 200 TÔ NGỌC VÂN,0309129418-042,VÕ THỊ NGỌC HƯỜNG,"200 Tô Ngọc Vân, Phường Linh Đông, Thành phố Thủ Đức, Thành phố Hồ Chí Minh, Việt Nam"
https://masothue.com/0309129418-chi-nhanh-cong-ty-tnhh-mot-thanh-vien-thuc-pham-saigon-co-op-cua-hang-thuc-pham-le-quang-dinh,0309129418,Bán lẻ lương thực trong các cửa hàng chuyên doanh,CHI NHÁNH CÔNG TY TNHH MỘT THÀNH VIÊN THỰC PHẨM SAIGON CO.OP - CỬA HÀNG CO.OP FOOD 1802 PHẠM THẾ HIỂN,0309129418-043,VÕ THỊ NGỌC HƯỜNG,"1802 Phạm Thế Hiển, Phường 6, Quận 8, Thành phố Hồ Chí Minh, Việt Nam"
https://masothue.com/0309129418-chi-nhanh-cong-ty-tnhh-mot-thanh-vien-thuc-pham-saigon-co-op-cua-hang-thuc-pham-le-quang-dinh,0309129418,Bán lẻ lương thực trong các cửa hàng chuyên doanh,CHI NHÁNH CÔNG TY TNHH MỘT THÀNH VIÊN THỰC PHẨM SAIGON CO.OP-CỬA HÀNG COOP FOOD 59/1 PHÚ XUÂN,0309129418-044,VÕ THỊ NGỌC HƯỜNG,"59/1 Huỳnh Tấn Phát, KP6, Thị Trấn Nhà Bè, Huyện Nhà Bè, Thành phố Hồ Chí Minh, Việt Nam"
https://masothue.com/0309129418-chi-nhanh-cong-ty-tnhh-mot-thanh-vien-thuc-pham-saigon-co-op-cua-hang-thuc-pham-le-quang-dinh,0309129418,Bán lẻ lương thực trong các cửa hàng chuyên doanh,CHI NHÁNH CÔNG TY TNHH MỘT THÀNH VIÊN THỰC PHẨM SAIGON CO.OP - CỬA HÀNG CO.OP FOOD 37/2B PHẠM VĂN CHIÊU,0309129418-045,VÕ THỊ NGỌC HƯỜNG,"298 Phạm Văn Chiêu, Phường 9, Quận Gò Vấp, Thành phố Hồ Chí Minh, Việt Nam"
https://masothue.com/0309129418-chi-nhanh-cong-ty-tnhh-mot-thanh-vien-thuc-pham-saigon-co-op-cua-hang-thuc-pham-le-quang-dinh,0309129418,Bán lẻ lương thực trong các cửa hàng chuyên doanh,CHI NHÁNH CÔNG TY TNHH MỘT THÀNH VIÊN THỰC PHẨM SAIGON CO.OP - CỬA HÀNG CO.OP FOOD BẠCH MÃ,0309129418-046,VÕ THỊ NGỌC HƯỜNG,"36 Cửu Long, Phường 15, Quận 10, Thành phố Hồ Chí Minh, Việt Nam"
https://masothue.com/0309129418-chi-nhanh-cong-ty-tnhh-mot-thanh-vien-thuc-pham-saigon-co-op-cua-hang-thuc-pham-le-quang-dinh,0309129418,Bán lẻ lương thực trong các cửa hàng chuyên doanh,CHI NHÁNH CÔNG TY TNHH MỘT THÀNH VIÊN THỰC PHẨM SAIGON CO.OP - CỬA HÀNG CO.OP FOOD NGUYỄN SỸ SÁCH,0309129418-049,VÕ THỊ NGỌC HƯỜNG,"77 Nguyễn Sỹ Sách, Phường 15, Quận Tân Bình, Thành phố Hồ Chí Minh, Việt Nam"
https://masothue.com/0309129418-chi-nhanh-cong-ty-tnhh-mot-thanh-vien-thuc-pham-saigon-co-op-cua-hang-thuc-pham-le-quang-dinh,0309129418,Bán lẻ lương thực trong các cửa hàng chuyên doanh,CHI NHÁNH CÔNG TY TNHH MỘT THÀNH VIÊN THỰC PHẨM SAIGON CO.OP - CỬA HÀNG CO.OP FOOD 1110 QUANG TRUNG,0309129418-050,VÕ THỊ NGỌC HƯỜNG,"1110-1112 Quang Trung, Phường 8, Quận Gò Vấp, Thành phố Hồ Chí Minh, Việt Nam"
https://masothue.com/0309129418-chi-nhanh-cong-ty-tnhh-mot-thanh-vien-thuc-pham-saigon-co-op-cua-hang-thuc-pham-le-quang-dinh,0309129418,Bán lẻ lương thực trong các cửa hàng chuyên doanh,CHI NHÁNH CÔNG TY TNHH MỘT THÀNH VIÊN THỰC PHẨM SAIGON CO.OP - CỬA HÀNG CO.OP FOOD 1273 HUỲNH TẤN PHÁT,0309129418-051,VÕ THỊ NGỌC HƯỜNG,"1273 Huỳnh Tấn Phát, Phường Phú Thuận, Quận 7, Thành phố Hồ Chí Minh, Việt Nam"
https://masothue.com/0309129418-chi-nhanh-cong-ty-tnhh-mot-thanh-vien-thuc-pham-saigon-co-op-cua-hang-thuc-pham-le-quang-dinh,0309129418,Bán lẻ lương thực trong các cửa hàng chuyên doanh,CHI NHÁNH CÔNG TY TNHH MỘT THÀNH VIÊN THỰC PHẨM SAIGON CO.OP - CỬA HÀNG CO.OP FOOD 441 LÊ VĂN QUỚI,0309129418-052,VÕ THỊ NGỌC HƯỜNG,"439/2 - 441 Lê Văn Quới, Khu phố 6, Phường Bình Trị Đông A, Quận Bình Tân, Thành phố Hồ Chí Minh, Việt Nam"
https://masothue.com/0309129418-chi-nhanh-cong-ty-tnhh-mot-thanh-vien-thuc-pham-saigon-co-op-cua-hang-thuc-pham-le-quang-dinh,0309129418,Bán lẻ lương thực trong các cửa hàng chuyên doanh,CHI NHÁNH CÔNG TY TNHH MỘT THÀNH VIÊN THỰC PHẨM SAIGON CO.OP - CỬA HÀNG CO.OP FOOD NHÀ BÈ,0309129418-053,VÕ THỊ NGỌC HƯỜNG,"Số 12/10A Huỳnh Tấn Phát, Xã Phú Xuân, Huyện Nhà Bè, Thành phố Hồ Chí Minh, Việt Nam"
https://masothue.com/0309129418-chi-nhanh-cong-ty-tnhh-mot-thanh-vien-thuc-pham-saigon-co-op-cua-hang-thuc-pham-le-quang-dinh,0309129418,Bán lẻ lương thực trong các cửa hàng chuyên doanh,CHI NHÁNH CÔNG TY TNHH MỘT THÀNH VIÊN THỰC PHẨM SAIGON CO.OP - CỬA HÀNG CO.OP FOOD 274 TÂN KỲ TÂN QUÝ,0309129418-054,PHẠM THỊ THẤM,"Số 274 Tân Kỳ Tân Quý, Phường Sơn Kỳ, Quận Tân Phú, Thành phố Hồ Chí Minh, Việt Nam"
https://masothue.com/0309129418-chi-nhanh-cong-ty-tnhh-mot-thanh-vien-thuc-pham-saigon-co-op-cua-hang-thuc-pham-le-quang-dinh,0309129418,Bán lẻ lương thực trong các cửa hàng chuyên doanh,CHI NHÁNH CÔNG TY TNHH MỘT THÀNH VIÊN THỰC PHẨM SAIGON CO.OP - CỬA HÀNG CO.OP FOOD CHUNG CƯ HOÀNG ANH GOLD HOUSE,0309129418-055,VÕ THỊ NGỌC HƯỜNG,"Nhà thương mại dịch vụ số 1.3, Khu B1, Khu nhà ở xã Phước Kiển (Hoàng Anh Gold House), đường Lê Văn Lương, Xã Phước Kiển, Huyện Nhà Bè, Thành phố Hồ Chí Minh, Việt Nam"
https://masothue.com/0309129418-chi-nhanh-cong-ty-tnhh-mot-thanh-vien-thuc-pham-saigon-co-op-cua-hang-thuc-pham-le-quang-dinh,0309129418,Bán lẻ lương thực trong các cửa hàng chuyên doanh,CHI NHÁNH CÔNG TY TNHH MỘT THÀNH VIÊN THỰC PHẨM SAIGON CO.OP - CỬA HÀNG CO.OP FOOD HƯƠNG LỘ 2,0309129418-056,NGÔ TRIỀU DƯƠNG,"Số 669 Hương lộ 2, Khu phố 3, Phường Bình Trị Đông A, Quận Bình Tân, Thành phố Hồ Chí Minh, Việt Nam"
https://masothue.com/0309129418-chi-nhanh-cong-ty-tnhh-mot-thanh-vien-thuc-pham-saigon-co-op-cua-hang-thuc-pham-le-quang-dinh,0309129418,Bán lẻ lương thực trong các cửa hàng chuyên doanh,CHI NHÁNH CÔNG TY TNHH MỘT THÀNH VIÊN THỰC PHẨM SAIGON CO.OP - CỬA HÀNG CO.OP FOOD LONG HẬU,0309129418-057,VÕ THỊ NGỌC HƯỜNG,"Lô A khu lưu trú, khu công nghiệp Long Hậu, Đường Long Hậu-Hiệp Phước, ấp 3, Xã Long Hậu, Huyện Cần Giuộc, Tỉnh Long An, Việt Nam"
https://masothue.com/0309129418-chi-nhanh-cong-ty-tnhh-mot-thanh-vien-thuc-pham-saigon-co-op-cua-hang-thuc-pham-le-quang-dinh,0309129418,Bán lẻ lương thực trong các cửa hàng chuyên doanh,CHI NHÁNH CÔNG TY TNHH MỘT THÀNH VIÊN THỰC PHẨM SAIGON CO.OP - CỬA HÀNG CO.OP FOOD NGUYỄN VĂN ĐẬU 21,0309129418-058,VÕ THỊ NGỌC HƯỜNG,"21A - 21A1 Nguyễn Văn Đậu, Phường 05, Quận Phú Nhuận, Thành phố Hồ Chí Minh, Việt Nam"
https://masothue.com/0309129418-chi-nhanh-cong-ty-tnhh-mot-thanh-vien-thuc-pham-saigon-co-op-cua-hang-thuc-pham-le-quang-dinh,0309129418,Bán lẻ lương thực trong các cửa hàng chuyên doanh,CHI NHÁNH CÔNG TY TNHH MỘT THÀNH VIÊN THỰC PHẨM SAIGON CO.OP - CỬA HÀNG CO.OP FOOD LONG PHƯỚC,0309129418-059,VÕ THỊ NGỌC HƯỜNG,"Số 295 Long Thuận, Phường Long Phước, Thành phố Thủ Đức, Thành phố Hồ Chí Minh, Việt Nam"
https://masothue.com/0309129418-chi-nhanh-cong-ty-tnhh-mot-thanh-vien-thuc-pham-saigon-co-op-cua-hang-thuc-pham-le-quang-dinh,0309129418,Bán lẻ lương thực trong các cửa hàng chuyên doanh,CHI NHÁNH CÔNG TY TNHH MỘT THÀNH VIÊN THỰC PHẨM SAIGON CO.OP - CỬA HÀNG CO.OP FOOD LÊ VĂN VIỆT,0309129418-060,VÕ THỊ NGỌC HƯỜNG,"Số 556 Lê Văn Việt, Phường Long Thạnh Mỹ, Thành phố Thủ Đức, Thành phố Hồ Chí Minh, Việt Nam"
https://masothue.com/0309129418-chi-nhanh-cong-ty-tnhh-mot-thanh-vien-thuc-pham-saigon-co-op-cua-hang-thuc-pham-le-quang-dinh,0309129418,Bán lẻ lương thực trong các cửa hàng chuyên doanh,CHI NHÁNH CÔNG TY TNHH MỘT THÀNH VIÊN THỰC PHẨM SAIGON CO.OP - CỬA HÀNG CO.OP FOOD HIỆP PHƯỚC,0309129418-061,VÕ THỊ NGỌC HƯỜNG,"Lô A-DV3, đường số 6, KCN Hiệp Phước, Xã Long Thới, Huyện Nhà Bè, Thành phố Hồ Chí Minh, Việt Nam"
https://masothue.com/0309129418-chi-nhanh-cong-ty-tnhh-mot-thanh-vien-thuc-pham-saigon-co-op-cua-hang-thuc-pham-le-quang-dinh,0309129418,Bán lẻ lương thực trong các cửa hàng chuyên doanh,CHI NHÁNH CÔNG TY TNHH MỘT THÀNH VIÊN THỰC PHẨM SAIGON CO.OP - CỬA HÀNG CO.OP FOOD TRUNG MỸ TÂY,0309129418-062,VÕ THỊ NGỌC HƯỜNG,"206 Quốc lộ 22, Phường Trung Mỹ Tây, Quận 12, Thành phố Hồ Chí Minh, Việt Nam"
https://masothue.com/0309129418-chi-nhanh-cong-ty-tnhh-mot-thanh-vien-thuc-pham-saigon-co-op-cua-hang-thuc-pham-le-quang-dinh,0309129418,Bán lẻ lương thực trong các cửa hàng chuyên doanh,CHI NHÁNH CÔNG TY TNHH MỘT THÀNH VIÊN THỰC PHẨM SAIGON CO.OP - CỬA HÀNG CO.OP FOOD VĨNH LỘC,0309129418-063,VÕ THỊ NGỌC HƯỜNG,"Tầng trệt và lửng Lô D3, Khu lưu trú công nhân khu công nghiệp Vĩnh Lộc, đường Nguyễn Thị Tú, Phường Bình Hưng Hòa B, Quận Bình Tân, Thành phố Hồ Chí Minh, Việt Nam"
https://masothue.com/0309129418-chi-nhanh-cong-ty-tnhh-mot-thanh-vien-thuc-pham-saigon-co-op-cua-hang-thuc-pham-le-quang-dinh,0309129418,Bán lẻ lương thực trong các cửa hàng chuyên doanh,CHI NHÁNH CÔNG TY TNHH MỘT THÀNH VIÊN THỰC PHẨM SAIGON CO.OP - CỬA HÀNG CO.OP FOOD KHU CÔNG NGHIỆP TÂN THỚI HIỆP,0309129418-064,VÕ THỊ NGỌC HƯỜNG,"Lô 3, Đường D5, Khu công nghiệp Tân Thới Hiệp, Phường Hiệp Thành, Quận 12, Thành phố Hồ Chí Minh, Việt Nam"
https://masothue.com/0309129418-chi-nhanh-cong-ty-tnhh-mot-thanh-vien-thuc-pham-saigon-co-op-cua-hang-thuc-pham-le-quang-dinh,0309129418,Bán lẻ lương thực trong các cửa hàng chuyên doanh,CHI NHÁNH CÔNG TY TNHH MỘT THÀNH VIÊN THỰC PHẨM SAIGON CO.OP - CỬA HÀNG CO.OP FOOD TRƯỜNG THỌ,0309129418-065,VÕ THỊ NGỌC HƯỜNG,"Số 185 Đặng Văn Bi, Phường Trường Thọ, Thành phố Thủ Đức, Thành phố Hồ Chí Minh, Việt Nam"
https://masothue.com/0309129418-chi-nhanh-cong-ty-tnhh-mot-thanh-vien-thuc-pham-saigon-co-op-cua-hang-thuc-pham-le-quang-dinh,0309129418,Bán lẻ lương thực trong các cửa hàng chuyên doanh,CHI NHÁNH CÔNG TY TNHH MỘT THÀNH VIÊN THỰC PHẨM SAIGON CO.OP - CỬA HÀNG CO.OP FOOD KHU CÔNG NGHIỆP TÂY BẮC CỦ CHI,0309129418-066,VÕ THỊ NGỌC HƯỜNG,"Số CH1 đường N4, Khu công nghiệp Tây Bắc Củ Chi, Xã Tân An Hội, Huyện Củ Chi, Thành phố Hồ Chí Minh, Việt Nam"
https://masothue.com/0309129418-chi-nhanh-cong-ty-tnhh-mot-thanh-vien-thuc-pham-saigon-co-op-cua-hang-thuc-pham-le-quang-dinh,0309129418,Bán lẻ lương thực trong các cửa hàng chuyên doanh,CHI NHÁNH CÔNG TY TNHH MỘT THÀNH VIÊN THỰC PHẨM SAIGON CO.OP - CỬA HÀNG CO.OP FOOD 1162 KHA VẠN CÂN,0309129418-067,VÕ THỊ NGỌC HƯỜNG,"1162 Kha Vạn Cân, Phường Linh Chiểu, Thành phố Thủ Đức, Thành phố Hồ Chí Minh, Việt Nam"
https://masothue.com/0309129418-chi-nhanh-cong-ty-tnhh-mot-thanh-vien-thuc-pham-saigon-co-op-cua-hang-thuc-pham-le-quang-dinh,0309129418,Bán lẻ lương thực trong các cửa hàng chuyên doanh,CHI NHÁNH CÔNG TY TNHH MỘT THÀNH VIÊN THỰC PHẨM SAIGON CO.OP-CỬA HÀNG CO.OP FOOD 42 TÔN THẤT THUYẾT,0309129418-068,VÕ THỊ NGỌC HƯỜNG,"Số 42 Tôn Thất Thuyết, Phường 04, Quận 4, Thành phố Hồ Chí Minh, Việt Nam"
https://masothue.com/0309129418-chi-nhanh-cong-ty-tnhh-mot-thanh-vien-thuc-pham-saigon-co-op-cua-hang-thuc-pham-le-quang-dinh,0309129418,Bán lẻ lương thực trong các cửa hàng chuyên doanh,CHI NHÁNH CÔNG TY TNHH MỘT THÀNH VIÊN THỰC PHẨM SAIGON CO.OP - CỬA HÀNG CO.OP FOOD 701 PHẠM VĂN BẠCH,0309129418-069,VÕ THỊ NGỌC HƯỜNG,"701 Phạm Văn Bạch, Phường 12, Quận Gò Vấp, Thành phố Hồ Chí Minh, Việt Nam"
https://masothue.com/0309129418-chi-nhanh-cong-ty-tnhh-mot-thanh-vien-thuc-pham-saigon-co-op-cua-hang-thuc-pham-le-quang-dinh,0309129418,Bán lẻ lương thực trong các cửa hàng chuyên doanh,CHI NHÁNH CÔNG TY TNHH MỘT THÀNH VIÊN THỰC PHẨM SAIGON CO.OP - CỬA HÀNG CO.OP FOOD 33 TRƯƠNG CÔNG ĐỊNH,0309129418-070,VÕ THỊ NGỌC HƯỜNG,"Một phần Khu thương mại tại Tầng trệt thuộc Block C của Dự án The Harmona, số 21 Trương Công Định, Phường 14, Quận Tân Bình, Thành phố Hồ Chí Minh, Việt Nam"
https://masothue.com/0309129418-chi-nhanh-cong-ty-tnhh-mot-thanh-vien-thuc-pham-saigon-co-op-cua-hang-thuc-pham-le-quang-dinh,0309129418,Bán lẻ lương thực trong các cửa hàng chuyên doanh,CHI NHÁNH CÔNG TY TNHH MỘT THÀNH VIÊN THỰC PHẨM SAIGON CO.OP - CỬA HÀNG CO.OP FOOD 24 TÔ HIẾN THÀNH,0309129418-071,VÕ THỊ NGỌC HƯỜNG,"Số 24 Tô Hiến Thành, Phường 15, Quận 10, Thành phố Hồ Chí Minh, Việt Nam"
https://masothue.com/0309129418-chi-nhanh-cong-ty-tnhh-mot-thanh-vien-thuc-pham-saigon-co-op-cua-hang-thuc-pham-le-quang-dinh,0309129418,Bán lẻ lương thực trong các cửa hàng chuyên doanh,CHI NHÁNH CÔNG TY TNHH MỘT THÀNH VIÊN THỰC PHẨM SAIGON CO.OP - CỬA HÀNG CO.OP FOOD BẠCH ĐẰNG,0309129418-072,VÕ THỊ NGỌC HƯỜNG,"Số 138 Bạch Đằng, Phường 2, Quận Tân Bình, Thành phố Hồ Chí Minh, Việt Nam"
https://masothue.com/0309129418-chi-nhanh-cong-ty-tnhh-mot-thanh-vien-thuc-pham-saigon-co-op-cua-hang-thuc-pham-le-quang-dinh,0309129418,Bán lẻ lương thực trong các cửa hàng chuyên doanh,CHI NHÁNH CÔNG TY TNHH MỘT THÀNH VIÊN THỰC PHẨM SAIGON CO.OP - CỬA HÀNG CO.OP FOOD QUỐC LỘ 50,0309129418-073,VÕ THỊ NGỌC HƯỜNG,"A23/10 - A23/11 Quốc lộ 50, ấp 01, Xã Bình Hưng, Huyện Bình Chánh, Thành phố Hồ Chí Minh, Việt Nam"
https://masothue.com/0309129418-chi-nhanh-cong-ty-tnhh-mot-thanh-vien-thuc-pham-saigon-co-op-cua-hang-thuc-pham-le-quang-dinh,0309129418,Bán lẻ lương thực trong các cửa hàng chuyên doanh,CHI NHÁNH CÔNG TY TNHH MỘT THÀNH VIÊN THỰC PHẨM SAIGON CO.OP - CỬA HÀNG CO.OP FOOD 45 TRƯƠNG ĐÌNH HỘI,0309129418-074,VÕ THỊ NGỌC HƯỜNG,"Số 0.01, Tầng trệt, Chung cư Trương Đình Hội, Số 45 Trương Đình Hội, Phường 16, Quận 8, Thành phố Hồ Chí Minh, Việt Nam"
https://masothue.com/0309129418-chi-nhanh-cong-ty-tnhh-mot-thanh-vien-thuc-pham-saigon-co-op-cua-hang-thuc-pham-le-quang-dinh,0309129418,Bán lẻ lương thực trong các cửa hàng chuyên doanh,CHI NHÁNH CÔNG TY TNHH MỘT THÀNH VIÊN THỰC PHẨM SAIGON CO.OP-CỬA HÀNG CO.OP FOOD TÂY THẠNH,0309129418-075,NGUYỄN BÍCH LY,"216-218 Tây Thạnh, Phường Tây Thạnh, Quận Tân Phú, Thành phố Hồ Chí Minh, Việt Nam"
https://masothue.com/0309129418-chi-nhanh-cong-ty-tnhh-mot-thanh-vien-thuc-pham-saigon-co-op-cua-hang-thuc-pham-le-quang-dinh,0309129418,Bán lẻ lương thực trong các cửa hàng chuyên doanh,CHI NHÁNH CÔNG TY TNHH MỘT THÀNH VIÊN THỰC PHẨM SAIGON CO.OP - CỬA HÀNG CO.OP FOOD 326 UNG VĂN KHIÊM,0309129418-076,VÕ THỊ NGỌC HƯỜNG,"135 Tân Cảng, Phường 25, Quận Bình Thạnh, Thành phố Hồ Chí Minh, Việt Nam"
https://masothue.com/0309129418-chi-nhanh-cong-ty-tnhh-mot-thanh-vien-thuc-pham-saigon-co-op-cua-hang-thuc-pham-le-quang-dinh,0309129418,Bán lẻ lương thực trong các cửa hàng chuyên doanh,CHI NHÁNH CÔNG TY TNHH MỘT THÀNH VIÊN THỰC PHẨM SAIGON CO.OP - CỬA HÀNG CO.OP FOOD GÒ XOÀI,0309129418-077,VÕ THỊ NGỌC HƯỜNG,"233 Gò Xoài, Phường Bình Hưng Hòa A, Quận Bình Tân, Thành phố Hồ Chí Minh, Việt Nam"
https://masothue.com/0309129418-chi-nhanh-cong-ty-tnhh-mot-thanh-vien-thuc-pham-saigon-co-op-cua-hang-thuc-pham-le-quang-dinh,0309129418,Bán lẻ lương thực trong các cửa hàng chuyên doanh,CHI NHÁNH CÔNG TY TNHH MỘT THÀNH VIÊN THỰC PHẨM SAIGON CO.OP - CỬA HÀNG CO.OP FOOD THÁP MƯỜI,0309129418-078,VÕ THỊ NGỌC HƯỜNG,"32-34 Tháp Mười , Phường 02, Quận 6, Thành phố Hồ Chí Minh, Việt Nam"
https://masothue.com/0309129418-chi-nhanh-cong-ty-tnhh-mot-thanh-vien-thuc-pham-saigon-co-op-cua-hang-thuc-pham-le-quang-dinh,0309129418,Bán lẻ lương thực trong các cửa hàng chuyên doanh,CHI NHÁNH CÔNG TY TNHH MỘT THÀNH VIÊN THỰC PHẨM SAIGON CO.OP - CỬA HÀNG CO.OP FOOD 193 BÙI ĐÌNH TÚY,0309129418-079,VÕ THỊ NGỌC HƯỜNG,"số 193 Bùi Đình Túy, Phường 24, Quận Bình Thạnh, Thành phố Hồ Chí Minh, Việt Nam"
https://masothue.com/0309129418-chi-nhanh-cong-ty-tnhh-mot-thanh-vien-thuc-pham-saigon-co-op-cua-hang-thuc-pham-le-quang-dinh,0309129418,Bán lẻ lương thực trong các cửa hàng chuyên doanh,CHI NHÁNH CÔNG TY TNHH MỘT THÀNH VIÊN THỰC PHẨM SAIGON CO.OP - CỬA HÀNG CO.OP FOOD 402 LÊ VĂN KHƯƠNG,0309129418-080,VÕ THỊ NGỌC HƯỜNG,"402 Lê Văn Khương, Phường Thới An, Quận 12, Thành phố Hồ Chí Minh, Việt Nam"
https://masothue.com/0309129418-chi-nhanh-cong-ty-tnhh-mot-thanh-vien-thuc-pham-saigon-co-op-cua-hang-thuc-pham-le-quang-dinh,0309129418,Bán lẻ lương thực trong các cửa hàng chuyên doanh,CHI NHÁNH CÔNG TY TNHH MỘT THÀNH VIÊN THỰC PHẨM SAIGON CO.OP - CỬA HÀNG CO.OP FOOD 437 NGUYỄN VĂN TĂNG,0309129418-081,VÕ THỊ NGỌC HƯỜNG,"437 Nguyễn Văn Tăng, Phường Long Thạnh Mỹ, Thành phố Thủ Đức, Thành phố Hồ Chí Minh, Việt Nam"
https://masothue.com/0309129418-chi-nhanh-cong-ty-tnhh-mot-thanh-vien-thuc-pham-saigon-co-op-cua-hang-thuc-pham-le-quang-dinh,0309129418,Bán lẻ lương thực trong các cửa hàng chuyên doanh,CHI NHÁNH CÔNG TY TNHH MỘT THÀNH VIÊN THỰC PHẨM SAIGON CO.OP - CỬA HÀNG CO.OP FOOD 53 PHẠM VĂN CHIÊU,0309129418-082,VÕ THỊ NGỌC HƯỜNG,"26 Phạm Văn Chiêu, Phường 8, Quận Gò Vấp, Thành phố Hồ Chí Minh, Việt Nam"
https://masothue.com/0309129418-chi-nhanh-cong-ty-tnhh-mot-thanh-vien-thuc-pham-saigon-co-op-cua-hang-thuc-pham-le-quang-dinh,0309129418,Bán lẻ lương thực trong các cửa hàng chuyên doanh,CHI NHÁNH CÔNG TY TNHH MỘT THÀNH VIÊN THỰC PHẨM SAIGON CO.OP - CỬA HÀNG CO.OP FOOD 982 ÂU CƠ,0309129418-083,NGÔ TRIỀU DƯƠNG,"982 Âu Cơ, Phường 14, Quận Tân Bình, Thành phố Hồ Chí Minh, Việt Nam"
https://masothue.com/0309129418-chi-nhanh-cong-ty-tnhh-mot-thanh-vien-thuc-pham-saigon-co-op-cua-hang-thuc-pham-le-quang-dinh,0309129418,Bán lẻ lương thực trong các cửa hàng chuyên doanh,CHI NHÁNH CÔNG TY TNHH MỘT THÀNH VIÊN THỰC PHẨM SAIGON CO.OP - CỬA HÀNG CO.OP FOOD 605 NGUYỄN DUY TRINH,0309129418-084,VÕ THỊ NGỌC HƯỜNG,"605 Nguyễn Duy Trinh, Phường Bình Trưng Đông, Thành phố Thủ Đức, Thành phố Hồ Chí Minh, Việt Nam"
https://masothue.com/0309129418-chi-nhanh-cong-ty-tnhh-mot-thanh-vien-thuc-pham-saigon-co-op-cua-hang-thuc-pham-le-quang-dinh,0309129418,Bán lẻ lương thực trong các cửa hàng chuyên doanh,CHI NHÁNH CÔNG TY TNHH MỘT THÀNH VIÊN THỰC PHẨM SAIGON CO.OP - CỬA HÀNG CO.OP FOOD 37 PHAN HUY ÍCH,0309129418-085,VÕ THỊ NGỌC HƯỜNG,"37/257B đường Phan Huy Ích, Phường 12, Quận Gò Vấp, Thành phố Hồ Chí Minh, Việt Nam"
https://masothue.com/0309129418-chi-nhanh-cong-ty-tnhh-mot-thanh-vien-thuc-pham-saigon-co-op-cua-hang-thuc-pham-le-quang-dinh,0309129418,Bán lẻ lương thực trong các cửa hàng chuyên doanh,CHI NHÁNH CÔNG TY TNHH MỘT THÀNH VIÊN THỰC PHẨM SAIGON CO.OP - CỬA HÀNG CO.OP FOOD HÀNG XANH,0309129418-086,VÕ THỊ NGỌC HƯỜNG,"189-191 Bạch Đằng, Phường 15, Quận Bình Thạnh, Thành phố Hồ Chí Minh, Việt Nam"
https://masothue.com/0309129418-chi-nhanh-cong-ty-tnhh-mot-thanh-vien-thuc-pham-saigon-co-op-cua-hang-thuc-pham-le-quang-dinh,0309129418,Bán lẻ lương thực trong các cửa hàng chuyên doanh,CHI NHÁNH CÔNG TY TNHH MỘT THÀNH VIÊN THỰC PHẨM SAIGON CO.OP - CỬA HÀNG CO.OP FOOD 249 LƯƠNG ĐỊNH CỦA,0309129418-087,VÕ THỊ NGỌC HƯỜNG,"249 Lương Định Của, Phường An Phú, Thành phố Thủ Đức, Thành phố Hồ Chí Minh, Việt Nam"
https://masothue.com/0309129418-chi-nhanh-cong-ty-tnhh-mot-thanh-vien-thuc-pham-saigon-co-op-cua-hang-thuc-pham-le-quang-dinh,0309129418,Bán lẻ lương thực trong các cửa hàng chuyên doanh,CHI NHÁNH CÔNG TY TNHH MỘT THÀNH VIÊN THỰC PHẨM SAIGON CO.OP - CỬA HÀNG CO.OP FOOD HƯNG PHÚ,0309129418-088,VÕ THỊ NGỌC HƯỜNG,"Số 4 Lê Quang Kim, Phường 9, Quận 8, Thành phố Hồ Chí Minh, Việt Nam"
https://masothue.com/0309129418-chi-nhanh-cong-ty-tnhh-mot-thanh-vien-thuc-pham-saigon-co-op-cua-hang-thuc-pham-le-quang-dinh,0309129418,Bán lẻ lương thực trong các cửa hàng chuyên doanh,CHI NHÁNH CÔNG TY TNHH MỘT THÀNH VIÊN THỰC PHẨM SAIGON CO.OP - CỬA HÀNG CO.OP FOOD 306 NGUYỄN THÁI SƠN,0309129418-089,VÕ THỊ NGỌC HƯỜNG,"Số 306 Nguyễn Thái Sơn, Phường 5, Quận Gò Vấp, Thành phố Hồ Chí Minh, Việt Nam"
https://masothue.com/0309129418-chi-nhanh-cong-ty-tnhh-mot-thanh-vien-thuc-pham-saigon-co-op-cua-hang-thuc-pham-le-quang-dinh,0309129418,Bán lẻ lương thực trong các cửa hàng chuyên doanh,CHI NHÁNH CÔNG TY TNHH MỘT THÀNH VIÊN THỰC PHẨM SAIGON CO.OP - CỬA HÀNG CO.OP FOOD BÌNH GIÃ,0309129418-090,VÕ THỊ NGỌC HƯỜNG,"33 Bình Giã, Phường 13, Quận Tân Bình, Thành phố Hồ Chí Minh, Việt Nam"
https://masothue.com/0309129418-chi-nhanh-cong-ty-tnhh-mot-thanh-vien-thuc-pham-saigon-co-op-cua-hang-thuc-pham-le-quang-dinh,0309129418,Bán lẻ lương thực trong các cửa hàng chuyên doanh,CHI NHÁNH CÔNG TY TNHH MỘT THÀNH VIÊN THỰC PHẨM SAIGON CO.OP - CỬA HÀNG CO.OP FOOD THỐNG NHẤT,0309129418-091,VÕ THỊ NGỌC HƯỜNG,"481 Thống Nhất, Phường 16, Quận Gò Vấp, Thành phố Hồ Chí Minh, Việt Nam"
https://masothue.com/0309129418-chi-nhanh-cong-ty-tnhh-mot-thanh-vien-thuc-pham-saigon-co-op-cua-hang-thuc-pham-le-quang-dinh,0309129418,Bán lẻ lương thực trong các cửa hàng chuyên doanh,CHI NHÁNH CÔNG TY TNHH MỘT THÀNH VIÊN THỰC PHẨM SAIGON CO.OP - CỬA HÀNG CO.OP FOOD PHẠM THẾ HIỂN 2,0309129418-092,VÕ THỊ NGỌC HƯỜNG,"1289 đường Phạm Thế Hiển, Phường 5, Quận 8, Thành phố Hồ Chí Minh, Việt Nam"
https://masothue.com/0309129418-chi-nhanh-cong-ty-tnhh-mot-thanh-vien-thuc-pham-saigon-co-op-cua-hang-thuc-pham-le-quang-dinh,0309129418,Bán lẻ lương thực trong các cửa hàng chuyên doanh,CHI NHÁNH CÔNG TY TNHH MỘT THÀNH VIÊN THỰC PHẨM SAIGON CO.OP - CỬA HÀNG CO.OP FOOD 418 TRẦN VĂN GIÀU,0309129418-093,VÕ THỊ NGỌC HƯỜNG,"Số 418 Đường số 7, Phường Tân Tạo, Quận Bình Tân, Thành phố Hồ Chí Minh, Việt Nam"
https://masothue.com/0309129418-chi-nhanh-cong-ty-tnhh-mot-thanh-vien-thuc-pham-saigon-co-op-cua-hang-thuc-pham-le-quang-dinh,0309129418,Bán lẻ lương thực trong các cửa hàng chuyên doanh,CHI NHÁNH CÔNG TY TNHH MỘT THÀNH VIÊN THỰC PHẨM SAIGON CO.OP - CỬA HÀNG CO.OP FOOD 203 VÕ THÀNH TRANG,0309129418-094,VÕ THỊ NGỌC HƯỜNG,"số 203-205 Võ Thành Trang , Phường 11, Quận Tân Bình, Thành phố Hồ Chí Minh, Việt Nam"
https://masothue.com/0309129418-chi-nhanh-cong-ty-tnhh-mot-thanh-vien-thuc-pham-saigon-co-op-cua-hang-thuc-pham-le-quang-dinh,0309129418,Bán lẻ lương thực trong các cửa hàng chuyên doanh,CHI NHÁNH CÔNG TY TNHH MỘT THÀNH VIÊN THỰC PHẨM SAIGON CO.OP - CỬA HÀNG CO.OP FOOD PHÚ THUẬN,0309129418-095,VÕ THỊ NGỌC HƯỜNG,"Số 785 Huỳnh Tấn Phát , Phường Phú Thuận, Quận 7, Thành phố Hồ Chí Minh, Việt Nam"
https://masothue.com/0309129418-chi-nhanh-cong-ty-tnhh-mot-thanh-vien-thuc-pham-saigon-co-op-cua-hang-thuc-pham-le-quang-dinh,0309129418,Bán lẻ lương thực trong các cửa hàng chuyên doanh,CHI NHÁNH CÔNG TY TNHH MỘT THÀNH VIÊN THỰC PHẨM SAIGON CO.OP - CỬA HÀNG CO.OP FOOD 85 NGUYỄN SƠN,0309129418-096,VÕ THỊ NGỌC HƯỜNG,"Số 69-71 Nguyễn Sơn, Phường Phú Thạnh, Quận Tân Phú, Thành phố Hồ Chí Minh, Việt Nam"
https://masothue.com/0309129418-chi-nhanh-cong-ty-tnhh-mot-thanh-vien-thuc-pham-saigon-co-op-cua-hang-thuc-pham-le-quang-dinh,0309129418,Bán lẻ lương thực trong các cửa hàng chuyên doanh,CHI NHÁNH CÔNG TY TNHH MỘT THÀNH VIÊN THỰC PHẨM SAIGON CO.OP - CỬA HÀNG CO.OP FOOD THÁI SƠN,0309129418-097,VÕ THỊ NGỌC HƯỜNG,"A6/7Q Quốc lộ 1A, Khu phố 3, Phường Tân Tạo A, Quận Bình Tân, Thành phố Hồ Chí Minh, Việt Nam"
https://masothue.com/0309129418-chi-nhanh-cong-ty-tnhh-mot-thanh-vien-thuc-pham-saigon-co-op-cua-hang-thuc-pham-le-quang-dinh,0309129418,Bán lẻ lương thực trong các cửa hàng chuyên doanh,CHI NHÁNH CÔNG TY TNHH MỘT THÀNH VIÊN THỰC PHẨM SAIGON CO.OP-CỬA HÀNG CO.OP FOOD HIỆP BÌNH CHÁNH,0309129418-098,VÕ THỊ NGỌC HƯỜNG,"33 Đường 12, Phường Hiệp Bình Chánh, Thành phố Thủ Đức, Thành phố Hồ Chí Minh, Việt Nam"
https://masothue.com/0309129418-chi-nhanh-cong-ty-tnhh-mot-thanh-vien-thuc-pham-saigon-co-op-cua-hang-thuc-pham-le-quang-dinh,0309129418,Bán lẻ lương thực trong các cửa hàng chuyên doanh,CHI NHÁNH CÔNG TY TNHH MỘT THÀNH VIÊN THỰC PHẨM SAIGON CO.OP-CỬA HÀNG CO.OP FOOD CÁT LÁI,0309129418-099,VÕ THỊ NGỌC HƯỜNG,"615 Nguyễn thị Định, Phường Cát Lái, Thành phố Thủ Đức, Thành phố Hồ Chí Minh, Việt Nam"
https://masothue.com/0309129418-chi-nhanh-cong-ty-tnhh-mot-thanh-vien-thuc-pham-saigon-co-op-cua-hang-thuc-pham-le-quang-dinh,0309129418,Bán lẻ lương thực trong các cửa hàng chuyên doanh,CHI NHÁNH CÔNG TY TNHH MỘT THÀNH VIÊN THỰC PHẨM SAIGON CO.OP - CỬA HÀNG CO.OP FOOD 06 TRƯƠNG GIA MÔ,0309129418-100,VÕ THỊ NGỌC HƯỜNG,"6 Trương Gia Mô , Phường Thạnh Mỹ Lợi, Thành phố Thủ Đức, Thành phố Hồ Chí Minh, Việt Nam"
https://masothue.com/0309129418-chi-nhanh-cong-ty-tnhh-mot-thanh-vien-thuc-pham-saigon-co-op-cua-hang-thuc-pham-le-quang-dinh,0309129418,Bán lẻ lương thực trong các cửa hàng chuyên doanh,CHI NHÁNH CÔNG TY TNHH MỘT THÀNH VIÊN THỰC PHẨM SAIGON CO.OP - CỬA HÀNG CO.OP FOOD HOÀNG DIỆU 2,0309129418-101,VÕ THỊ NGỌC HƯỜNG,"135 Hoàng Diệu 2, Phường Linh Trung, Thành phố Thủ Đức, Thành phố Hồ Chí Minh, Việt Nam"
https://masothue.com/0309129418-chi-nhanh-cong-ty-tnhh-mot-thanh-vien-thuc-pham-saigon-co-op-cua-hang-thuc-pham-le-quang-dinh,0309129418,Bán lẻ lương thực trong các cửa hàng chuyên doanh,CHI NHÁNH CÔNG TY TNHH MỘT THÀNH VIÊN THỰC PHẨM SAIGON CO.OP - CỬA HÀNG CO.OP FOOD 7 LÊ THỊ HÀ,0309129418-102,VÕ THỊ NGỌC HƯỜNG,"7/2 đường Lê Thị Hà, Khu phố 8, Thị Trấn Hóc Môn, Huyện Hóc Môn, Thành phố Hồ Chí Minh, Việt Nam"
https://masothue.com/0309129418-chi-nhanh-cong-ty-tnhh-mot-thanh-vien-thuc-pham-saigon-co-op-cua-hang-thuc-pham-le-quang-dinh,0309129418,Bán lẻ lương thực trong các cửa hàng chuyên doanh,CHI NHÁNH CÔNG TY TNHH MỘT THÀNH VIÊN THỰC PHẨM SAIGON CO.OP - CỬA HÀNG CO.OP FOOD 397 PHAN HUY ÍCH,0309129418-103,VÕ THỊ NGỌC HƯỜNG,"397 Phan Huy Ích, Phường 14, Quận Gò Vấp, Thành phố Hồ Chí Minh, Việt Nam"
https://masothue.com/0309129418-chi-nhanh-cong-ty-tnhh-mot-thanh-vien-thuc-pham-saigon-co-op-cua-hang-thuc-pham-le-quang-dinh,0309129418,Bán lẻ lương thực trong các cửa hàng chuyên doanh,CHI NHÁNH CÔNG TY TNHH MỘT THÀNH VIÊN THỰC PHẨM SAIGON CO.OP - CỬA HÀNG CO.OP FOOD 13 LÊ VĂN THỊNH,0309129418-104,VÕ THỊ NGỌC HƯỜNG,"13 Lê Văn Thịnh, ấp Đông, Phường Bình Trưng Đông, Thành phố Thủ Đức, Thành phố Hồ Chí Minh, Việt Nam"
https://masothue.com/0309129418-chi-nhanh-cong-ty-tnhh-mot-thanh-vien-thuc-pham-saigon-co-op-cua-hang-thuc-pham-le-quang-dinh,0309129418,Bán lẻ lương thực trong các cửa hàng chuyên doanh,CHI NHÁNH CÔNG TY TNHH MỘT THÀNH VIÊN THỰC PHẨM SAIGON CO.OP - CỬA HÀNG CO.OP FOOD D20 VÕ VĂN VÂN,0309129418-105,VÕ THỊ NGỌC HƯỜNG,"D20/4/3B Võ Văn Vân, ấp 4, Xã Vĩnh Lộc B, Huyện Bình Chánh, Thành phố Hồ Chí Minh, Việt Nam"
https://masothue.com/0309129418-chi-nhanh-cong-ty-tnhh-mot-thanh-vien-thuc-pham-saigon-co-op-cua-hang-thuc-pham-le-quang-dinh,0309129418,Bán lẻ lương thực trong các cửa hàng chuyên doanh,CHI NHÁNH CÔNG TY TNHH MỘT THÀNH VIÊN THỰC PHẨM SAIGON CO.OP - CỬA HÀNG CO.OP FOOD 372 NƠ TRANG LONG,0309129418-106,VÕ THỊ NGỌC HƯỜNG,"372-372B Nơ Trang Long, Phường 13, Quận Bình Thạnh, Thành phố Hồ Chí Minh, Việt Nam"
https://masothue.com/0309129418-chi-nhanh-cong-ty-tnhh-mot-thanh-vien-thuc-pham-saigon-co-op-cua-hang-thuc-pham-le-quang-dinh,0309129418,Bán lẻ lương thực trong các cửa hàng chuyên doanh,CHI NHÁNH CÔNG TY TNHH MỘT THÀNH VIÊN THỰC PHẨM SAIGON CO.OP - CỬA HÀNG CO.OP FOOD LONG TRƯỜNG,0309129418-107,VÕ THỊ NGỌC HƯỜNG,"1137 Nguyễn Duy Trinh, Khu phố Ông Nhiêu, Phường Long Trường, Thành phố Thủ Đức, Thành phố Hồ Chí Minh, Việt Nam"
https://masothue.com/0309129418-chi-nhanh-cong-ty-tnhh-mot-thanh-vien-thuc-pham-saigon-co-op-cua-hang-thuc-pham-le-quang-dinh,0309129418,Bán lẻ lương thực trong các cửa hàng chuyên doanh,CHI NHÁNH CÔNG TY TNHH MỘT THÀNH VIÊN THỰC PHẨM SAIGON CO.OP - CỬA HÀNG CO.OP FOOD 239 DƯƠNG ĐÌNH HỘI,0309129418-108,VÕ THỊ NGỌC HƯỜNG,"239 Dương Đình Hội , Phường Tăng Nhơn Phú B, Thành phố Thủ Đức, Thành phố Hồ Chí Minh, Việt Nam"
https://masothue.com/0309129418-chi-nhanh-cong-ty-tnhh-mot-thanh-vien-thuc-pham-saigon-co-op-cua-hang-thuc-pham-le-quang-dinh,0309129418,Bán lẻ lương thực trong các cửa hàng chuyên doanh,CHI NHÁNH CÔNG TY TNHH MỘT THÀNH VIÊN THỰC PHẨM SAIGON CO.OP - CỬA HÀNG CO.OP FOOD CC BÌNH PHÚ 1,0309129418-109,VÕ THỊ NGỌC HƯỜNG,"Số 65-67 Đường 20, Phường 11, Quận 6, Thành phố Hồ Chí Minh, Việt Nam"
https://masothue.com/0309129418-chi-nhanh-cong-ty-tnhh-mot-thanh-vien-thuc-pham-saigon-co-op-cua-hang-thuc-pham-le-quang-dinh,0309129418,Bán lẻ lương thực trong các cửa hàng chuyên doanh,CHI NHÁNH CÔNG TY TNHH MỘT THÀNH VIÊN THỰC PHẨM SAIGON CO.OP - CỬA HÀNG CO.OP FOOD CC CARINA,0309129418-110,VÕ THỊ NGỌC HƯỜNG,"Số 1648 Đại Lộ Võ Văn Kiệt , Phường 16, Quận 8, Thành phố Hồ Chí Minh, Việt Nam"
https://masothue.com/0309129418-chi-nhanh-cong-ty-tnhh-mot-thanh-vien-thuc-pham-saigon-co-op-cua-hang-thuc-pham-le-quang-dinh,0309129418,Bán lẻ lương thực trong các cửa hàng chuyên doanh,CHI NHÁNH CÔNG TY TNHH MỘT THÀNH VIÊN THỰC PHẨM SAIGON CO.OP - CỬA HÀNG CO.OP FOOD LÀNG TĂNG PHÚ,0309129418-111,VÕ THỊ NGỌC HƯỜNG,"21C Làng Tăng Phú, Tổ 4, khu phố 4, Phường Tăng Nhơn Phú A, Thành phố Thủ Đức, Thành phố Hồ Chí Minh, Việt Nam"
https://masothue.com/0309129418-chi-nhanh-cong-ty-tnhh-mot-thanh-vien-thuc-pham-saigon-co-op-cua-hang-thuc-pham-le-quang-dinh,0309129418,Bán lẻ lương thực trong các cửa hàng chuyên doanh,CHI NHÁNH CÔNG TY TNHH MỘT THÀNH VIÊN THỰC PHẨM SAIGON CO.OP - CỬA HÀNG CO.OP FOOD TÂN TRỤ,0309129418-112,NGÔ TRIỀU DƯƠNG,"36A Cống Lỡ, Phường 15, Quận Tân Bình, Thành phố Hồ Chí Minh, Việt Nam"
https://masothue.com/0309129418-chi-nhanh-cong-ty-tnhh-mot-thanh-vien-thuc-pham-saigon-co-op-cua-hang-thuc-pham-le-quang-dinh,0309129418,Bán lẻ lương thực trong các cửa hàng chuyên doanh,CHI NHÁNH CÔNG TY TNHH MỘT THÀNH VIÊN THỰC PHẨM SAIGON CO.OP - CỬA HÀNG CO.OP FOOD LINH CHIỂU,0309129418-113,VÕ THỊ NGỌC HƯỜNG,"110 Đường 17, Khu phố 3, Phường Linh Chiểu, Thành phố Thủ Đức, Thành phố Hồ Chí Minh, Việt Nam"
https://masothue.com/0309129418-chi-nhanh-cong-ty-tnhh-mot-thanh-vien-thuc-pham-saigon-co-op-cua-hang-thuc-pham-le-quang-dinh,0309129418,Bán lẻ lương thực trong các cửa hàng chuyên doanh,CHI NHÁNH CÔNG TY TNHH MỘT THÀNH VIÊN THỰC PHẨM SAIGON CO.OP - CỬA HÀNG CO.OP FOOD EHOME 3,0309129418-114,VÕ THỊ NGỌC HƯỜNG,"31-33 Đường số 1, Khu tái định cư Cảng Sông Phú Định, Phường 16, Quận 8, Thành phố Hồ Chí Minh, Việt Nam"
https://masothue.com/0309129418-chi-nhanh-cong-ty-tnhh-mot-thanh-vien-thuc-pham-saigon-co-op-cua-hang-thuc-pham-le-quang-dinh,0309129418,Bán lẻ lương thực trong các cửa hàng chuyên doanh,CHI NHÁNH - CÔNG TY TNHH MỘT THÀNH VIÊN THỰC PHẨM SAIGON CO.OP - CO.OP FOOD MIỀN BẮC,0309129418-115,VÕ THỊ NGỌC HƯỜNG,"Tầng 1, Tòa 17T4 Dự án Hapulico Complex, Số 01 đường Nguyễn Huy Tưởng, Phường Thanh Xuân Trung, Quận Thanh Xuân, Thành phố Hà Nội, Việt Nam"
https://masothue.com/0309129418-chi-nhanh-cong-ty-tnhh-mot-thanh-vien-thuc-pham-saigon-co-op-cua-hang-thuc-pham-le-quang-dinh,0309129418,Bán lẻ lương thực trong các cửa hàng chuyên doanh,CHI NHÁNH CÔNG TY TNHH MỘT THÀNH VIÊN THỰC PHẨM SAIGON CO.OP - CO.OP FOOD KHU VỰC ĐỒNG NAI,0309129418-116,VÕ THỊ NGỌC HƯỜNG,"L2-1, Khu dân cư Phú Gia 2, KP 5, Phường Trảng Dài, Thành phố Biên Hoà, Tỉnh Đồng Nai, Việt Nam"
https://masothue.com/0309129418-chi-nhanh-cong-ty-tnhh-mot-thanh-vien-thuc-pham-saigon-co-op-cua-hang-thuc-pham-le-quang-dinh,0309129418,Bán lẻ lương thực trong các cửa hàng chuyên doanh,CHI NHÁNH CÔNG TY TNHH MỘT THÀNH VIÊN THỰC PHẨM SAIGON CO.OP - CỬA HÀNG CO.OP FOOD AN KHANG,0309129418-117,VÕ THỊ NGỌC HƯỜNG,"Khu thương mại và Dịch vụ Tầng 1 khối A, 0,01 chung cư An Khang, số 30, đường 19, khu phố 5, Phường An Phú, Thành phố Thủ Đức, Thành phố Hồ Chí Minh, Việt Nam"
https://masothue.com/0309129418-chi-nhanh-cong-ty-tnhh-mot-thanh-vien-thuc-pham-saigon-co-op-cua-hang-thuc-pham-le-quang-dinh,0309129418,Bán lẻ lương thực trong các cửa hàng chuyên doanh,CHI NHÁNH CÔNG TY TNHH MỘT THÀNH VIÊN THỰC PHẨM SAIGON CO.OP - CỬA HÀNG CO.OP FOOD BÙI THẾ MỸ 31,0309129418-118,VÕ THỊ NGỌC HƯỜNG,"31-33 Bùi Thế Mỹ, Phường 10, Quận Tân Bình, Thành phố Hồ Chí Minh, Việt Nam"
https://masothue.com/0309129418-chi-nhanh-cong-ty-tnhh-mot-thanh-vien-thuc-pham-saigon-co-op-cua-hang-thuc-pham-le-quang-dinh,0309129418,Bán lẻ lương thực trong các cửa hàng chuyên doanh,CHI NHÁNH CÔNG TY TNHH MỘT THÀNH VIÊN THỰC PHẨM SAIGON CO.OP - CỬA HÀNG CO.OP FOOD PHƯỚC KIỂN,0309129418-119,VÕ THỊ NGỌC HƯỜNG,"122 Lê Văn Lương, Xã Phước Kiển, Huyện Nhà Bè, Thành phố Hồ Chí Minh, Việt Nam"
https://masothue.com/0309129418-chi-nhanh-cong-ty-tnhh-mot-thanh-vien-thuc-pham-saigon-co-op-cua-hang-thuc-pham-le-quang-dinh,0309129418,Bán lẻ lương thực trong các cửa hàng chuyên doanh,CHI NHÁNH CÔNG TY TNHH MỘT THÀNH VIÊN THỰC PHẨM SAIGON CO.OP - CỬA HÀNG CO.OP FOOD DƯƠNG ĐÌNH HỘI 64,0309129418-120,NGÔ TRIỀU DƯƠNG,"64 Đường Dương Đình Hội, Phường Phước Long B, Quận 9, Thành phố Hồ Chí Minh, Việt Nam"
https://masothue.com/0309129418-chi-nhanh-cong-ty-tnhh-mot-thanh-vien-thuc-pham-saigon-co-op-cua-hang-thuc-pham-le-quang-dinh,0309129418,Bán lẻ lương thực trong các cửa hàng chuyên doanh,CHI NHÁNH CÔNG TY TNHH MỘT THÀNH VIÊN THỰC PHẨM SAIGON CO.OP - CỬA HÀNG CO.OP FOOD 174 PHAN VĂN HỚN,0309129418-121,VÕ THỊ NGỌC HƯỜNG,"174-176 Phan Văn Hớn, Phường Tân Thới Nhất, Quận 12, Thành phố Hồ Chí Minh, Việt Nam"
https://masothue.com/0309129418-chi-nhanh-cong-ty-tnhh-mot-thanh-vien-thuc-pham-saigon-co-op-cua-hang-thuc-pham-le-quang-dinh,0309129418,Bán lẻ lương thực trong các cửa hàng chuyên doanh,CHI NHÁNH CÔNG TY TNHH MỘT THÀNH VIÊN THỰC PHẨM SAIGON CO.OP - CỬA HÀNG CO.OP FOOD MAN THIỆN 126A,0309129418-122,VÕ THỊ NGỌC HƯỜNG,"126A Man Thiện, Phường Tăng Nhơn Phú A, Thành phố Thủ Đức, Thành phố Hồ Chí Minh, Việt Nam"
https://masothue.com/0309129418-chi-nhanh-cong-ty-tnhh-mot-thanh-vien-thuc-pham-saigon-co-op-cua-hang-thuc-pham-le-quang-dinh,0309129418,Bán lẻ lương thực trong các cửa hàng chuyên doanh,CHI NHÁNH CÔNG TY TNHH MỘT THÀNH VIÊN THỰC PHẨM SAIGON CO.OP - CO.OP FOOD KHU VỰC BÌNH DƯƠNG,0309129418-123,VÕ THỊ NGỌC HƯỜNG,"451 Lê Hồng Phong, Khu phố 8, Phường Phú Hòa, Thành phố Thủ Dầu Một, Tỉnh Bình Dương, Việt Nam"
https://masothue.com/0309129418-chi-nhanh-cong-ty-tnhh-mot-thanh-vien-thuc-pham-saigon-co-op-cua-hang-thuc-pham-le-quang-dinh,0309129418,Bán lẻ lương thực trong các cửa hàng chuyên doanh,CHI NHÁNH CÔNG TY TNHH MỘT THÀNH VIÊN THỰC PHẨM SAIGON CO.OP - CỬA HÀNG CO.OP FOOD VĨNH LỘC B,0309129418-124,NGUYỄN BÍCH LY,"E9/12C Ấp 5, Xã Vĩnh Lộc B, Huyện Bình Chánh, Thành phố Hồ Chí Minh, Việt Nam"
https://masothue.com/0309129418-chi-nhanh-cong-ty-tnhh-mot-thanh-vien-thuc-pham-saigon-co-op-cua-hang-thuc-pham-le-quang-dinh,0309129418,Bán lẻ lương thực trong các cửa hàng chuyên doanh,CHI NHÁNH CÔNG TY TNHH MỘT THÀNH VIÊN THỰC PHẨM SAIGON CO.OP - CỬA HÀNG CO.OP FOOD LÊ TRỌNG TẤN 47A,0309129418-125,NGÔ TRIỀU DƯƠNG,"47A Lê Trọng Tấn, Phường Sơn Kỳ, Quận Tân Phú, Thành phố Hồ Chí Minh, Việt Nam"
https://masothue.com/0309129418-chi-nhanh-cong-ty-tnhh-mot-thanh-vien-thuc-pham-saigon-co-op-cua-hang-thuc-pham-le-quang-dinh,0309129418,Bán lẻ lương thực trong các cửa hàng chuyên doanh,CHI NHÁNH CÔNG TY TNHH MỘT THÀNH VIÊN THỰC PHẨM SAIGON CO.OP - CỬA HÀNG CO.OP FOOD BÀ ĐIỂM,0309129418-126,VÕ THỊ NGỌC HƯỜNG,"30/1A Phan Văn Hớn, Ấp Nam Lân , Xã Bà Điểm, Huyện Hóc Môn, Thành phố Hồ Chí Minh, Việt Nam"
https://masothue.com/0309129418-chi-nhanh-cong-ty-tnhh-mot-thanh-vien-thuc-pham-saigon-co-op-cua-hang-thuc-pham-le-quang-dinh,0309129418,Bán lẻ lương thực trong các cửa hàng chuyên doanh,CHI NHÁNH CÔNG TY TNHH MỘT THÀNH VIÊN THỰC PHẨM SAIGON CO.OP - CỬA HÀNG CO.OP FOOD CHUNG CƯ HAUSNEO,0309129418-127,VÕ THỊ NGỌC HƯỜNG,"Căn hộ B.0.03 Lô B, tầng Trệt, chung cư Bảo Minh EZLAND (HausNeo), số 02 đường số 11, Khu phố 2, Phường Phú Hữu, Thành phố Thủ Đức, Thành phố Hồ Chí Minh, Việt Nam"
https://masothue.com/0309129418-chi-nhanh-cong-ty-tnhh-mot-thanh-vien-thuc-pham-saigon-co-op-cua-hang-thuc-pham-le-quang-dinh,0309129418,Bán lẻ lương thực trong các cửa hàng chuyên doanh,CHI NHÁNH CÔNG TY TNHH MỘT THÀNH VIÊN THỰC PHẨM SAIGON CO.OP - CỬA HÀNG CO.OP FOOD NGUYỄN CỮU PHÚ A1,0309129418-128,VÕ THỊ NGỌC HƯỜNG,"A1/21 Nguyễn Cửu Phú, Ấp 1, Xã Tân Kiên, Huyện Bình Chánh, Thành phố Hồ Chí Minh, Việt Nam"
https://masothue.com/0309129418-chi-nhanh-cong-ty-tnhh-mot-thanh-vien-thuc-pham-saigon-co-op-cua-hang-thuc-pham-le-quang-dinh,0309129418,Bán lẻ lương thực trong các cửa hàng chuyên doanh,CHI NHÁNH CÔNG TY TNHH MỘT THÀNH VIÊN THỰC PHẨM SAIGON CO.OP - CỬA HÀNG CO.OP FOOD 29 ĐƯỜNG 457,0309129418-129,NGUYỄN BÍCH LY,"29 Đường 457, ấp Hội Thạnh, Xã Trung An, Huyện Củ Chi, Thành phố Hồ Chí Minh, Việt Nam"
https://masothue.com/0309129418-chi-nhanh-cong-ty-tnhh-mot-thanh-vien-thuc-pham-saigon-co-op-cua-hang-thuc-pham-le-quang-dinh,0309129418,Bán lẻ lương thực trong các cửa hàng chuyên doanh,CHI NHÁNH CÔNG TY TNHH MỘT THÀNH VIÊN THỰC PHẨM SAIGON CO.OP - CỬA HÀNG CO.OP FOOD TỈNH LỘ 15 - 1031,0309129418-130,VÕ THỊ NGỌC HƯỜNG,"1025 Tỉnh Lộ 15, Ấp Chợ Cũ 2, Xã An Nhơn Tây, Huyện Củ Chi, Thành phố Hồ Chí Minh, Việt Nam"
https://masothue.com/0309129418-chi-nhanh-cong-ty-tnhh-mot-thanh-vien-thuc-pham-saigon-co-op-cua-hang-thuc-pham-le-quang-dinh,0309129418,Bán lẻ lương thực trong các cửa hàng chuyên doanh,CHI NHÁNH CÔNG TY TNHH MỘT THÀNH VIÊN THỰC PHẨM SAIGON CO.OP - CỬA HÀNG CO.OP FOOD QUỐC LỘ 22 - 726,0309129418-131,VÕ THỊ NGỌC HƯỜNG,"726 Quốc lộ 22, khu phố 2, Thị Trấn Củ Chi, Huyện Củ Chi, Thành phố Hồ Chí Minh, Việt Nam"
https://masothue.com/0309129418-chi-nhanh-cong-ty-tnhh-mot-thanh-vien-thuc-pham-saigon-co-op-cua-hang-thuc-pham-le-quang-dinh,0309129418,Bán lẻ lương thực trong các cửa hàng chuyên doanh,CHI NHÁNH CÔNG TY TNHH MỘT THÀNH VIÊN THỰC PHẨM SAIGON CO.OP - CỬA HÀNG CO.OP FOOD CÂY TRÂM,0309129418-132,VÕ THỊ NGỌC HƯỜNG,"246 Nguyễn Văn Khối, Phường 9, Quận Gò Vấp, Thành phố Hồ Chí Minh, Việt Nam"
https://masothue.com/0309129418-chi-nhanh-cong-ty-tnhh-mot-thanh-vien-thuc-pham-saigon-co-op-cua-hang-thuc-pham-le-quang-dinh,0309129418,Bán lẻ lương thực trong các cửa hàng chuyên doanh,CHI NHÁNH CÔNG TY TNHH MỘT THÀNH VIÊN THỰC PHẨM SAIGON CO.OP - CỬA HÀNG CO.OP FOOD HƯƠNG LỘ 2 - 515,0309129418-133,NGÔ TRIỀU DƯƠNG,"515 Hương lộ 2, Khu phố 5, Phường Bình Trị Đông, Quận Bình Tân, Thành phố Hồ Chí Minh, Việt Nam"
https://masothue.com/0309129418-chi-nhanh-cong-ty-tnhh-mot-thanh-vien-thuc-pham-saigon-co-op-cua-hang-thuc-pham-le-quang-dinh,0309129418,Bán lẻ lương thực trong các cửa hàng chuyên doanh,CHI NHÁNH CÔNG TY TNHH MỘT THÀNH VIÊN THỰC PHẨM SAIGON CO.OP - CỬA HÀNG CO.OP FOOD ĐINH BỘ LĨNH 81,0309129418-134,VÕ THỊ NGỌC HƯỜNG,"81 Đinh Bộ Lĩnh, Phường 26, Quận Bình Thạnh, Thành phố Hồ Chí Minh, Việt Nam"
https://masothue.com/0309129418-chi-nhanh-cong-ty-tnhh-mot-thanh-vien-thuc-pham-saigon-co-op-cua-hang-thuc-pham-le-quang-dinh,0309129418,Bán lẻ lương thực trong các cửa hàng chuyên doanh,CHI NHÁNH CÔNG TY TNHH MỘT THÀNH VIÊN THỰC PHẨM SAIGON CO.OP - CỬA HÀNG CO.OP FOOD LÊ ĐÌNH CẨN 191A,0309129418-135,VÕ THỊ NGỌC HƯỜNG,"191A Lê Đình Cẩn, Khu phố 6, Phường Tân Tạo, Quận Bình Tân, Thành phố Hồ Chí Minh, Việt Nam"
https://masothue.com/0309129418-chi-nhanh-cong-ty-tnhh-mot-thanh-vien-thuc-pham-saigon-co-op-cua-hang-thuc-pham-le-quang-dinh,0309129418,Bán lẻ lương thực trong các cửa hàng chuyên doanh,CHI NHÁNH CÔNG TY TNHH MỘT THÀNH VIÊN THỰC PHẨM SAIGON CO.OP - CỬA HÀNG CO.OP FOOD TÂN THÔNG HỘI,0309129418-136,NGUYỄN BÍCH LY,"45 Võ Thị Dòn, Ấp Tân Định, Xã Tân Thông Hội, Huyện Củ Chi, Thành phố Hồ Chí Minh, Việt Nam"
https://masothue.com/0309129418-chi-nhanh-cong-ty-tnhh-mot-thanh-vien-thuc-pham-saigon-co-op-cua-hang-thuc-pham-le-quang-dinh,0309129418,Bán lẻ lương thực trong các cửa hàng chuyên doanh,CHI NHÁNH CỬA HÀNG CO.OP FOOD ĐÔNG BẮC - CÔNG TY TNHH MỘT THÀNH VIÊN THỰC PHẨM SAIGON CO.OP,0309129418-137,VÕ THỊ NGỌC HƯỜNG,"228/1 Đông Bắc, Khu Phố 6, Phường Tân Chánh Hiệp, Quận 12, Thành phố Hồ Chí Minh, Việt Nam"
https://masothue.com/0309129418-chi-nhanh-cong-ty-tnhh-mot-thanh-vien-thuc-pham-saigon-co-op-cua-hang-thuc-pham-le-quang-dinh,0309129418,Bán lẻ lương thực trong các cửa hàng chuyên doanh,CHI NHÁNH CÔNG TY TNHH MỘT THÀNH VIÊN THỰC PHẨM SAIGON CO.OP - CỬA HÀNG CO.OP FOOD TÂN QUÝ TÂY,0309129418-138,VÕ THỊ NGỌC HƯỜNG,"5/17D Hương Lộ 11, Ấp 4, Xã Tân Quý Tây, Huyện Bình Chánh, Thành phố Hồ Chí Minh, Việt Nam"
https://masothue.com/0309129418-chi-nhanh-cong-ty-tnhh-mot-thanh-vien-thuc-pham-saigon-co-op-cua-hang-thuc-pham-le-quang-dinh,0309129418,Bán lẻ lương thực trong các cửa hàng chuyên doanh,CHI NHÁNH CÔNG TY TNHH MỘT THÀNH VIÊN THỰC PHẨM SAIGON CO.OP - CỬA HÀNG CO.OP FOOD XUÂN HIỆP,0309129418-139,VÕ THỊ NGỌC HƯỜNG,"72A Đường số 8, Khu phố 3, Phường Linh Xuân, Thành phố Thủ Đức, Thành phố Hồ Chí Minh, Việt Nam"
https://masothue.com/0309129418-chi-nhanh-cong-ty-tnhh-mot-thanh-vien-thuc-pham-saigon-co-op-cua-hang-thuc-pham-le-quang-dinh,0309129418,Bán lẻ lương thực trong các cửa hàng chuyên doanh,CHI NHÁNH CÔNG TY TNHH MỘT THÀNH VIÊN THỰC PHẨM SAIGON CO.OP - CỬA HÀNG CO.OP FOOD ĐẤT MỚI 272,0309129418-140,VÕ THỊ NGỌC HƯỜNG,"272A Đất Mới, Phường Bình Trị Đông, Quận Bình Tân, Thành phố Hồ Chí Minh, Việt Nam"
https://masothue.com/0309129418-chi-nhanh-cong-ty-tnhh-mot-thanh-vien-thuc-pham-saigon-co-op-cua-hang-thuc-pham-le-quang-dinh,0309129418,Bán lẻ lương thực trong các cửa hàng chuyên doanh,CHI NHÁNH CÔNG TY TNHH MỘT THÀNH VIÊN THỰC PHẨM SAIGON CO.OP - CỬA HÀNG CO.OP FOOD TRẦN VĂN GIÀU 5C13,0309129418-141,VÕ THỊ NGỌC HƯỜNG,"5C13 Trần Văn Giàu, Xã Phạm Văn Hai, Huyện Bình Chánh, Thành phố Hồ Chí Minh, Việt Nam"
https://masothue.com/0309129418-chi-nhanh-cong-ty-tnhh-mot-thanh-vien-thuc-pham-saigon-co-op-cua-hang-thuc-pham-le-quang-dinh,0309129418,Bán lẻ lương thực trong các cửa hàng chuyên doanh,CHI NHÁNH CÔNG TY TNHH MỘT THÀNH VIÊN THỰC PHẨM SAIGON CO.OP - CỬA HÀNG CO.OP FOOD HUỲNH TẤN PHÁT 591,0309129418-142,NGÔ TRIỀU DƯƠNG,"591 Huỳnh Tấn Phát, Khu phố 7, Thị Trấn Nhà Bè, Huyện Nhà Bè, Thành phố Hồ Chí Minh, Việt Nam"
https://masothue.com/0309129418-chi-nhanh-cong-ty-tnhh-mot-thanh-vien-thuc-pham-saigon-co-op-cua-hang-thuc-pham-le-quang-dinh,0309129418,Bán lẻ lương thực trong các cửa hàng chuyên doanh,CHI NHÁNH CÔNG TY TNHH MỘT THÀNH VIÊN THỰC PHẨM SAIGON CO.OP - CỬA HÀNG CO.OP FOOD MINH ĐỨC,0309129418-143,VÕ THỊ NGỌC HƯỜNG,"103 Đường 154 , Phường Tân Phú, Thành phố Thủ Đức, Thành phố Hồ Chí Minh, Việt Nam"
https://masothue.com/0309129418-chi-nhanh-cong-ty-tnhh-mot-thanh-vien-thuc-pham-saigon-co-op-cua-hang-thuc-pham-le-quang-dinh,0309129418,Bán lẻ lương thực trong các cửa hàng chuyên doanh,CHI NHÁNH CÔNG TY TNHH MỘT THÀNH VIÊN THỰC PHẨM SAIGON CO.OP - CO.OP FOOD KHU VỰC CẦN THƠ,0309129418-144,VÕ THỊ NGỌC HƯỜNG,"111 Phạm Ngũ Lão, Phường Thới Bình, Quận Ninh Kiều, Thành phố Cần Thơ, Việt Nam"
https://masothue.com/0309129418-chi-nhanh-cong-ty-tnhh-mot-thanh-vien-thuc-pham-saigon-co-op-cua-hang-thuc-pham-le-quang-dinh,0309129418,Bán lẻ lương thực trong các cửa hàng chuyên doanh,VĂN PHÒNG ĐẠI DIỆN CÔNG TY TNHH MỘT THÀNH VIÊN THỰC PHẨM SAIGON CO.OP,0309129418-145,NGÔ TRIỀU DƯƠNG,"105D Bến Vân Đồn, Phường 09, Quận 4, Thành phố Hồ Chí Minh, Việt Nam"
https://masothue.com/0309129418-chi-nhanh-cong-ty-tnhh-mot-thanh-vien-thuc-pham-saigon-co-op-cua-hang-thuc-pham-le-quang-dinh,0309129418,Bán lẻ lương thực trong các cửa hàng chuyên doanh,CHI NHÁNH CÔNG TY TNHH MỘT THÀNH VIÊN THỰC PHẨM SAIGON CO.OP – CỬA HÀNG CO.OP FOOD NGUYỄN DUY TRINH 192,0309129418-146,VÕ THỊ NGỌC HƯỜNG,"192 và 192/1 Nguyễn Duy Trinh, Phường Bình Trưng Tây, Thành phố Thủ Đức, Thành phố Hồ Chí Minh, Việt Nam"
https://masothue.com/0309129418-chi-nhanh-cong-ty-tnhh-mot-thanh-vien-thuc-pham-saigon-co-op-cua-hang-thuc-pham-le-quang-dinh,0309129418,Bán lẻ lương thực trong các cửa hàng chuyên doanh,CỬA HÀNG CO.OP FOOD HY ECOPARK CENTRAL LAKE 2,0309129418-147,Nguyễn Bích Ly,"Tầng 1, căn L2-5, tháp Lake 2 (A1), Khu căn hộ Aqua Bay Sky - Xã Xuân Quan - Huyện Văn Giang - Hưng Yên."
https://masothue.com/0309129418-chi-nhanh-cong-ty-tnhh-mot-thanh-vien-thuc-pham-saigon-co-op-cua-hang-thuc-pham-le-quang-dinh,0309129418,Bán lẻ lương thực trong các cửa hàng chuyên doanh,CỬA HÀNG CO.OP FOOD HY ECOPARK GRAND PARK 1,0309129418-148,Nguyễn Bích Ly,"Tầng 1, căn P1-01, Tháp Park 1 (B2), Khu căn hộ Aqua Bay Sky - Xã Xuân Quan - Huyện Văn Giang - Hưng Yên."
https://masothue.com/0310178586-cong-ty-tnhh-mot-thanh-vien-sai-gon-co-op-cu-chi,0310178586,"Bán lẻ lương thực, thực phẩm, đồ uống, thuốc lá, thuốc lào chiếm tỷ trọng lớn trong các cửa hàng kinh doanh tổng hợp",CHI NHÁNH CÔNG TY TNHH SÀI GÒN CO.OP CỦ CHI - CỬA HÀNG CO.OP FOOD KHU CÔNG NGHIỆP TÂY BẮC CỦ CHI,0310178586-001,VÕ QUỐC OAI,"Số CH1 đường N4, Khu công nghiệp Tây Bắc Củ Chi, Xã Tân An Hội, Huyện Củ Chi, Thành phố Hồ Chí Minh, Việt Nam"
https://masothue.com/0310939840-cong-ty-tnhh-da-u-tu-va-kinh-doanh-sieu-thi-a-chau,0310939840,Bán lẻ khác trong các cửa hàng kinh doanh tổng hợp,,,,
https://masothue.com/0311261082-cong-ty-tnhh-mot-thanh-vien-co-op-mart-hoa-binh,0311261082,"Bán lẻ trò chơi, đồ chơi trong các cửa hàng chuyên doanh",,,,
https://masothue.com/0312263124-cong-ty-tnhh-saigon-co-op-fairprice,0312263124,"Kinh doanh bất động sản, quyền sử dụng đất thuộc chủ sở hữu, chủ sử dụng hoặc đi thuê",,,,
https://masothue.com/0312302969-cong-ty-tnhh-mot-thanh-vien-co-opmart-binh-trieu,0312302969,Bán lẻ thực phẩm trong các cửa hàng chuyên doanh,,,,
https://masothue.com/0313294132-cong-ty-tnhh-thuong-mai-dich-vu-saigon-co-op-toan-tam,0313294132,Bán lẻ thực phẩm trong các cửa hàng chuyên doanh,,,,
https://masothue.com/0313594753-cong-ty-tnhh-thuc-pham-quoc-te-nam-duong,0313594753,Sản xuất thực phẩm khác chưa được phân vào đâu,,,,
https://masothue.com/0314247350-cong-ty-tnhh-mot-thanh-vien-marsix,0314247350,Bán lẻ hình thức khác chưa được phân vào đâu,,,,
https://masothue.com/0314366975-cong-ty-tnhh-mot-thanh-vien-marfive,0314366975,Bán lẻ hình thức khác chưa được phân vào đâu,,,,
https://masothue.com/0314823967-cong-ty-tnhh-marquis,0314823967,Hoạt động dịch vụ hỗ trợ kinh doanh khác còn lại chưa được phân vào đâu,,,,
https://masothue.com/0315815574-cong-ty-tnhh-mot-thanh-vien-co-op-finelife,0315815574,Bán lẻ thực phẩm trong các cửa hàng chuyên doanh,,,,
https://masothue.com/0315949585-cong-ty-tnhh-thuong-mai-dich-vu-sai-gon-xuan-oai,0315949585,"Kinh doanh bất động sản, quyền sử dụng đất thuộc chủ sở hữu, chủ sử dụng hoặc đi thuê",,,,
https://masothue.com/0401281414-cong-ty-tnhh-mot-thanh-vien-tmdv-sieu-thi-co-opmart-da-nang,0401281414,"Bán lẻ lương thực, thực phẩm, đồ uống, thuốc lá, thuốc lào chiếm tỷ trọng lớn trong các cửa hàng kinh doanh tổng hợp",CHI NHÁNH CÔNG TY TNHH TMDV SIÊU THỊ CO.OPMART ĐÀ NẴNG - CỬA HÀNG CO.OPFOOD HÒA MINH,0401281414-001,VÕ HOÀNG ANH,"Tổ 14, Phường Hoà Minh, Quận Liên Chiểu, Thành phố Đà Nẵng, Việt Nam"
https://masothue.com/2100356677-cong-ty-trach-nhiem-huu-han-thuong-mai-dich-vu-sai-gon-tra-vinh,2100356677,Bán buôn thực phẩm,,,,
https://masothue.com/2200271882-cong-ty-trach-nhiem-huu-han-mot-thanh-vien-thuong-mai-sai-gon-soc-trang,2200271882,Bán lẻ khác trong các cửa hàng kinh doanh tổng hợp,,,,
https://masothue.com/3502238957-cong-ty-tnhh-mot-thanh-vien-co-opmart-vung-tau-2,3502238957,Bán lẻ lương thực trong các cửa hàng chuyên doanh,,,,
https://masothue.com/3800357413-cong-ty-tnhh-mot-thanh-vien-thuong-mai-dich-vu-sai-gon-binh-phuoc,3800357413,"Bán lẻ đồ điện gia dụng, giường, tủ, bàn, ghế và đồ nội thất tương tự, đèn và bộ đèn điện, đồ dùng gia đình khác chưa được phân vào đâu trong các cửa hàng chuyên doanh",,,,
https://masothue.com/4000451095-cong-ty-tnhh-mot-thanh-vien-sai-gon-co-op-tam-ky,4000451095,Bán buôn thực phẩm,,,,
https://masothue.com/4100506252-cong-ty-tnhh-mot-thanh-vien-sai-gon-co-op-binh-dinh,4100506252,Bán lẻ khác trong các cửa hàng kinh doanh tổng hợp,,,,
https://masothue.com/4201197554-cong-ty-tnhh-mot-thanh-vien-thuong-mai-va-dich-vu-sai-gon-cam-ranh,4201197554,"Bán lẻ lương thực, thực phẩm, đồ uống, thuốc lá, thuốc lào chiếm tỷ trọng lớn trong các cửa hàng kinh doanh tổng hợp",,,,
https://masothue.com/4201545466-cong-ty-tnhh-mot-thanh-vien-co-opmart-nha-trang,4201545466,Bán lẻ thực phẩm trong các cửa hàng chuyên doanh,,,,
https://masothue.com/4400396829-cong-ty-tnhh-mot-thanh-vien-thuong-mai-dich-vu-sai-gon-phu-yen,4400396829,Tổ chức giới thiệu và xúc tiến thương mại,,,,
https://masothue.com/4500280151-cong-ty-trach-nhiem-huu-han-mot-thanh-vien-thuong-mai-va-dich-vu-sai-gon-phan-rang,4500280151,Bán lẻ khác trong các cửa hàng kinh doanh tổng hợp,,,,
https://masothue.com/6300072542-cong-ty-tnhh-mot-thanh-vien-thuong-mai-dich-vu-sai-gon-hau-giang-2,6300072542,Khác,,,,
https://masothue.com/0310655599-cong-ty-tnhh-lien-doanh-ky-thuat-gieng-khoan-pv-drilling-va-baker-hughes,0310655599,Hoạt động dịch vụ hỗ trợ khai thác dầu thô và khí tự nhiên,,,,
https://masothue.com/3500102728-cong-ty-tnhh-vietubes,3500102728,Gia công cơ khí; xử lý và tráng phủ kim loại,,,,
https://masothue.com/3500765404-cong-ty-tnhh-lien-doanh-dich-vu-bj-pv-drilling,3500765404,Hoạt động dịch vụ hỗ trợ khai thác dầu thô và khí tự nhiên,,,,
https://masothue.com/3500912779-cong-ty-tnhh-can-ong-khoan-dau-khi-viet-nam,3500912779,Gia công cơ khí; xử lý và tráng phủ kim loại,,,,
https://masothue.com/4201671132-cong-ty-tnhh-dich-vu-mat-dat-hang-khong,4201671132,Hoạt động dịch vụ hỗ trợ trực tiếp cho vận tải hàng không,,,,
https://masothue.com/3500870335-cong-ty-trach-nhiem-huu-han-pv-drilling-expro-international,3500870335,Hoạt động dịch vụ hỗ trợ khai thác dầu thô và khí tự nhiên,,,,
https://masothue.com/0301472278-cong-ty-trach-nhiem-huu-han-thuong-mai-va-dich-vu-sieu-thi-big-c-an-lac,0301472278,Bán lẻ khác trong các cửa hàng kinh doanh tổng hợp,CHI NHÁNH CORA MIỀN ĐÔNG,0301472278-001,OLIVIER BERNARD R. LANGLET,"Số 268, Đường Tô Hiến Thành, Phường 15, Quận 10, Thành phố Hồ Chí Minh, Việt Nam"
https://masothue.com/0301472278-cong-ty-trach-nhiem-huu-han-thuong-mai-va-dich-vu-sieu-thi-big-c-an-lac,0301472278,Bán lẻ khác trong các cửa hàng kinh doanh tổng hợp,TRUNG TÂM THƯƠNG MẠI BIG C HOÀNG VĂN THỤ,0301472278-002,OLIVIER BERNARD R.LANGLET,"Số 202B Hoàng Văn Thụ, Phường 09, Quận Phú Nhuận, Thành phố Hồ Chí Minh, Việt Nam"
https://masothue.com/0301472278-cong-ty-trach-nhiem-huu-han-thuong-mai-va-dich-vu-sieu-thi-big-c-an-lac,0301472278,Bán lẻ khác trong các cửa hàng kinh doanh tổng hợp,CHI NHÁNH CÔNG TY TRÁCH NHIỆM HỮU HẠN THƯƠNG MẠI VÀ DỊCH VỤ SIÊU THỊ BIG C AN LẠC TẠI TRÀ VINH,0301472278-003,OLIVIER BERNARD R. LANGLET,"Trung tâm thương mại và siêu thị Trà Vinh, đường Võ Nguyên Giáp, Phường 7, Thành phố Trà Vinh, Tỉnh Trà Vinh, Việt Nam"
https://masothue.com/0301472278-cong-ty-trach-nhiem-huu-han-thuong-mai-va-dich-vu-sieu-thi-big-c-an-lac,0301472278,Bán lẻ khác trong các cửa hàng kinh doanh tổng hợp,CHI NHÁNH CÔNG TY TRÁCH NHIỆM HỮU HẠN THƯƠNG MẠI VÀ DỊCH VỤ SIÊU THỊ BIG C AN LẠC TẠI BÀ RỊA,0301472278-004,OLIVIER BERNARD R. LANGLET,"Tầng 1, Trung tâm thương mại GO! Bà Rịa, số 2A đường Nguyễn Đình Chiểu, Khu phố 1, Phường Phước Hiệp, Thành phố Bà Rịa, Tỉnh Bà Rịa - Vũng Tàu, Việt Nam"
https://masothue.com/0301472278-cong-ty-trach-nhiem-huu-han-thuong-mai-va-dich-vu-sieu-thi-big-c-an-lac,0301472278,Bán lẻ khác trong các cửa hàng kinh doanh tổng hợp,CHI NHÁNH CÔNG TY TRÁCH NHIỆM HỮU HẠN THƯƠNG MẠI VÀ DỊCH VỤ SIÊU THỊ BIG C AN LẠC TẠI BẾN TRE,0301472278-005,OLIVIER BERNARD R. LANGLET,"Tầng trệt, Trung tâm thương mại GO! Bến Tre, Ấp 1, đường Võ Nguyên Giáp (Quốc lộ 60), Xã Sơn Đông, Thành phố Bến Tre, Tỉnh Bến Tre, Việt Nam"
https://masothue.com/0310304752-cong-ty-tnhh-ban-le-va-giao-nhan-recess,0310304752,Bán lẻ theo yêu cầu đặt hàng qua bưu điện hoặc internet,VĂN PHÒNG ĐẠI DIỆN CÔNG TY TNHH BÁN LẺ VÀ GIAO NHẬN RECESS,0310304752-001,PHILIPPE JEAN BROIANIGO,"Số 98, phố Hoàng Ngân, tổ 27, Phường Trung Hoà, Quận Cầu Giấy, Thành phố Hà Nội, Việt Nam"
https://masothue.com/0310304752-cong-ty-tnhh-ban-le-va-giao-nhan-recess,0310304752,Bán lẻ theo yêu cầu đặt hàng qua bưu điện hoặc internet,CHI NHÁNH CÔNG TY TNHH MỘT THÀNH VIÊN BÁN LẺ VÀ GIAO NHẬN RECESS,0310304752-002,TRƯƠNG DUY LINH( TRUONG LINH DUY),"Lô N11-N12, Đường số 5, Khu công nghiệp Long Hậu, Ấp 3, Xã Long Hậu, Huyện Cần Giuộc, Tỉnh Long An, Việt Nam"
https://masothue.com/0310304752-cong-ty-tnhh-ban-le-va-giao-nhan-recess,0310304752,Bán lẻ theo yêu cầu đặt hàng qua bưu điện hoặc internet,VĂN PHÒNG ĐẠI DIỆN CÔNG TY TNHH BÁN LẺ VÀ GIAO NHẬN RECESS,0310304752-003,TRƯƠNG DUY LINH,"Số 456 đường Hoàng Hữu Nam, khu phố Giãn Dân, Phường Long Thạnh Mỹ, Quận 9, Thành phố Hồ Chí Minh, Việt Nam"
https://masothue.com/0310304752-cong-ty-tnhh-ban-le-va-giao-nhan-recess,0310304752,Bán lẻ theo yêu cầu đặt hàng qua bưu điện hoặc internet,VĂN PHÒNG ĐẠI DIỆN CÔNG TY TNHH BÁN LẺ VÀ GIAO NHẬN RECESS,0310304752-004,TRƯƠNG DUY LINH,"A22 Nguyễn Văn Linh, Phường Nam Dương, Quận Hải Châu, Thành phố Đà Nẵng, Việt Nam"
https://masothue.com/0310304752-cong-ty-tnhh-ban-le-va-giao-nhan-recess,0310304752,Bán lẻ theo yêu cầu đặt hàng qua bưu điện hoặc internet,VĂN PHÒNG ĐẠI DIỆN CÔNG TY TNHH BÁN LẺ VÀ GIAO NHẬN RECESS,0310304752-005,TRƯƠNG DUY LINH,"2F-12, Tầng 2, Tòa tháp Tài chính Bitexco, Số 2 Hải Triều, Phường Bến Thành, Quận 1, Thành phố Hồ Chí Minh, Việt Nam"
https://masothue.com/0310304752-cong-ty-tnhh-ban-le-va-giao-nhan-recess,0310304752,Bán lẻ theo yêu cầu đặt hàng qua bưu điện hoặc internet,VĂN PHÒNG ĐẠI DIỆN CÔNG TY TNHH BÁN LẺ VÀ GIAO NHẬN RECESS,0310304752-006,TRƯƠNG DUY LINH,"Số 448/4, đường Nguyễn Tất Thành, Phường 18, Quận 4, Thành phố Hồ Chí Minh, Việt Nam"
https://masothue.com/0313517445-cong-ty-trach-nhiem-huu-han-eb-thanh-pho-moi,0313517445,Bán lẻ khác trong các cửa hàng kinh doanh tổng hợp,,,,
https://masothue.com/0201345685-cong-ty-tnhh-mot-thanh-vien-dau-tu-phat-trien-nguyen-kim-hai-phong,0201345685,"Kinh doanh bất động sản, quyền sử dụng đất thuộc chủ sở hữu, chủ sử dụng hoặc đi thuê",,,,
https://masothue.com/0310304752-cong-ty-tnhh-ban-le-va-giao-nhan-recess,0310304752,Bán lẻ theo yêu cầu đặt hàng qua bưu điện hoặc internet,VĂN PHÒNG ĐẠI DIỆN CÔNG TY TNHH BÁN LẺ VÀ GIAO NHẬN RECESS,0310304752-001,PHILIPPE JEAN BROIANIGO,"Số 98, phố Hoàng Ngân, tổ 27, Phường Trung Hoà, Quận Cầu Giấy, Thành phố Hà Nội, Việt Nam"
https://masothue.com/0310304752-cong-ty-tnhh-ban-le-va-giao-nhan-recess,0310304752,Bán lẻ theo yêu cầu đặt hàng qua bưu điện hoặc internet,CHI NHÁNH CÔNG TY TNHH MỘT THÀNH VIÊN BÁN LẺ VÀ GIAO NHẬN RECESS,0310304752-002,TRƯƠNG DUY LINH( TRUONG LINH DUY),"Lô N11-N12, Đường số 5, Khu công nghiệp Long Hậu, Ấp 3, Xã Long Hậu, Huyện Cần Giuộc, Tỉnh Long An, Việt Nam"
https://masothue.com/0310304752-cong-ty-tnhh-ban-le-va-giao-nhan-recess,0310304752,Bán lẻ theo yêu cầu đặt hàng qua bưu điện hoặc internet,VĂN PHÒNG ĐẠI DIỆN CÔNG TY TNHH BÁN LẺ VÀ GIAO NHẬN RECESS,0310304752-003,TRƯƠNG DUY LINH,"Số 456 đường Hoàng Hữu Nam, khu phố Giãn Dân, Phường Long Thạnh Mỹ, Quận 9, Thành phố Hồ Chí Minh, Việt Nam"
https://masothue.com/0310304752-cong-ty-tnhh-ban-le-va-giao-nhan-recess,0310304752,Bán lẻ theo yêu cầu đặt hàng qua bưu điện hoặc internet,VĂN PHÒNG ĐẠI DIỆN CÔNG TY TNHH BÁN LẺ VÀ GIAO NHẬN RECESS,0310304752-004,TRƯƠNG DUY LINH,"A22 Nguyễn Văn Linh, Phường Nam Dương, Quận Hải Châu, Thành phố Đà Nẵng, Việt Nam"
https://masothue.com/0310304752-cong-ty-tnhh-ban-le-va-giao-nhan-recess,0310304752,Bán lẻ theo yêu cầu đặt hàng qua bưu điện hoặc internet,VĂN PHÒNG ĐẠI DIỆN CÔNG TY TNHH BÁN LẺ VÀ GIAO NHẬN RECESS,0310304752-005,TRƯƠNG DUY LINH,"2F-12, Tầng 2, Tòa tháp Tài chính Bitexco, Số 2 Hải Triều, Phường Bến Thành, Quận 1, Thành phố Hồ Chí Minh, Việt Nam"
https://masothue.com/0310304752-cong-ty-tnhh-ban-le-va-giao-nhan-recess,0310304752,Bán lẻ theo yêu cầu đặt hàng qua bưu điện hoặc internet,VĂN PHÒNG ĐẠI DIỆN CÔNG TY TNHH BÁN LẺ VÀ GIAO NHẬN RECESS,0310304752-006,TRƯƠNG DUY LINH,"Số 448/4, đường Nguyễn Tất Thành, Phường 18, Quận 4, Thành phố Hồ Chí Minh, Việt Nam"
https://masothue.com/0312928146-cong-ty-tnhh-mot-thanh-vien-dich-vu-hau-mai-nguyen-kim,0312928146,Bán buôn đồ dùng khác cho gia đình,,,,
https://masothue.com/0401549492-cong-ty-tnhh-mot-thanh-vien-thuong-mai-nguyen-kim-mien-trung,0401549492,Bán lẻ khác trong các cửa hàng kinh doanh tổng hợp,,,,
https://masothue.com/1601685568-cong-ty-tnhh-mot-thanh-vien-nguyen-kim-long-xuyen,1601685568,"Bán buôn thiết bị và linh kiện điện tử, viễn thông",,,,
https://masothue.com/1800736601-cong-ty-tnhh-mot-thanh-vien-nguyen-kim-can-tho,1800736601,"Bán buôn thiết bị và linh kiện điện tử, viễn thông",,,,
https://masothue.com/3701994274-cong-ty-tnhh-mot-thanh-vien-nguyen-kim-binh-duong,3701994274,Bán buôn đồ dùng khác cho gia đình,,,,
https://masothue.com/6001217119-cong-ty-tnhh-mot-thanh-vien-nguyen-kim-buon-ma-thuot,6001217119,Bán buôn đồ dùng khác cho gia đình,,,,
https://masothue.com/0315589276-cong-ty-tnhh-dien-anh-v,0315589276,"Hoạt động phát hành phim điện ảnh, phim video và chương trình truyền hình",,,,
https://masothue.com/0312964680-cong-ty-tnhh-truyen-hinh-ky-thuat-so-mien-nam,0312964680,Hoạt động viễn thông không dây,CHI NHÁNH VĨNH LONG - CÔNG TY TNHH TRUYỀN HÌNH KỸ THUẬT SỐ MIỀN NAM,0312964680-001,ĐỖ ĐỨC DŨNG,"Số 50 đường Phạm Thái Bường, Phường 4, Thành phố Vĩnh Long, Tỉnh Vĩnh Long, Việt Nam"
https://masothue.com/3702324716-cong-ty-tnhh-truyen-hinh-cap-binh-duong-htvc,3702324716,Hoạt động viễn thông có dây,,,,
https://masothue.com/0316238577-cong-ty-tnhh-lcs-ca,0316238577,Dịch vụ thông tin khác chưa được phân vào đâu,,,,
https://masothue.com/0316176017-cong-ty-tnhh-vng-data-center,0316176017,Hoạt động viễn thông khác,,,,
https://masothue.com/1602115183-cong-ty-tnhh-dich-vu-nong-nghiep-loc-troi,1602115183,Hoạt động dịch vụ trồng trọt,TRUNG TÂM DỊCH VỤ NÔNG NGHIỆP LỘC TRỜI TẠI BẾN TRE,1602115183-001,Phạm Thanh Thọ,550/2 ấp Phú Ngãi - Xã Phú An Hòa - Huyện Châu Thành - Bến Tre.
https://masothue.com/1602115183-cong-ty-tnhh-dich-vu-nong-nghiep-loc-troi,1602115183,Hoạt động dịch vụ trồng trọt,TRUNG TÂM DỊCH VỤ NÔNG NGHIỆP LỘC TRỜI TẠI VĨNH LỘC,1602115183-002,Phạm Thanh Thọ,Ninh Thạnh 1 - Xã Ninh Hòa - Huyện Hồng Dân - Bạc Liêu.
https://masothue.com/1602115183-cong-ty-tnhh-dich-vu-nong-nghiep-loc-troi,1602115183,Hoạt động dịch vụ trồng trọt,TRUNG TÂM DỊCH VỤ NÔNG NGHIỆP LỘC TRỜI TẠI VĨNH HƯNG,1602115183-003,TRươNG VăN ĐâY,ấp Cả Rưng - Xã Tuyên Bình Tây - Huyện Vĩnh Hưng - Long An.
https://masothue.com/1602115183-cong-ty-tnhh-dich-vu-nong-nghiep-loc-troi,1602115183,Hoạt động dịch vụ trồng trọt,TRUNG TÂM DỊCH VỤ NÔNG NGHIỆP LỘC TRỜI TẠI TÂN HỒNG,1602115183-004,Phạm Thanh Thọ,"ấp Rọc Muống, Tân Công Chí - Xã Tân Công Chí - Huyện Tân Hồng - Đồng Tháp."
https://masothue.com/1602131844-cong-ty-tnhh-dich-vu-kho-van-loc-troi,1602131844,Kho bãi và lưu giữ hàng hóa,CHI NHÁNH NAM SÔNG HẬU - CÔNG TY TNHH DỊCH VỤ KHO VẬN LỘC TRỜI,1602131844-001,HUỲNH QUỐC HOÀNG,"Số 103, Quốc lộ 91, Thị Trấn An Châu, Huyện Châu Thành, Tỉnh An Giang, Việt Nam"
https://masothue.com/1602131844-cong-ty-tnhh-dich-vu-kho-van-loc-troi,1602131844,Kho bãi và lưu giữ hàng hóa,CHI NHÁNH HẬU GIANG - CÔNG TY TNHH DỊCH VỤ KHO VẬN LỘC TRỜI,1602131844-002,HUỲNH TRÍ CƯỜNG,"Ấp Mỹ Phú, Xã Tân Phước Hưng, Huyện Phụng Hiệp, Tỉnh Hậu Giang, Việt Nam"
https://masothue.com/1602131844-cong-ty-tnhh-dich-vu-kho-van-loc-troi,1602131844,Kho bãi và lưu giữ hàng hóa,CHI NHÁNH MIỀN TRUNG - CÔNG TY TNHH DỊCH VỤ KHO VẬN LỘC TRỜI,1602131844-003,NGUYỄN TÚ HẢI,"Lô 65, đường số 2, cụm công nghiệp Nhơn Bình, Phường Nhơn Bình, Thành phố Quy Nhơn, Tỉnh Bình Định, Việt Nam"
https://masothue.com/1602131844-cong-ty-tnhh-dich-vu-kho-van-loc-troi,1602131844,Kho bãi và lưu giữ hàng hóa,CHI NHÁNH MIỀN BẮC - CÔNG TY TNHH DỊCH VỤ KHO VẬN LỘC TRỜI,1602131844-004,NGUYỄN QUỐC HẢI,"Thôn Đỗ Hạ, Xã Quang Vinh, Huyện Ân Thi, Tỉnh Hưng Yên, Việt Nam"
https://masothue.com/1602131844-cong-ty-tnhh-dich-vu-kho-van-loc-troi,1602131844,Kho bãi và lưu giữ hàng hóa,CHI NHÁNH ĐÔNG NAM BỘ - CÔNG TY TNHH DỊCH VỤ KHO VẬN LỘC TRỜI,1602131844-005,TRẦN NHỰT TRƯỜNG,"4728 Ấp Nông Doanh, Xã Xuân Định, Huyện Xuân Lộc, Tỉnh Đồng Nai, Việt Nam"
https://masothue.com/1602131844-cong-ty-tnhh-dich-vu-kho-van-loc-troi,1602131844,Kho bãi và lưu giữ hàng hóa,CHI NHÁNH TÂY NGUYÊN - CÔNG TY TNHH DỊCH VỤ KHO VẬN LỘC TRỜI,1602131844-006,TRƯƠNG VĂN NHIỆM,"Km 15, QL 14, Xã Cuor Đăng, Huyện Cư M'gar, Tỉnh Đắk Lắk, Việt Nam"
https://masothue.com/1602131844-cong-ty-tnhh-dich-vu-kho-van-loc-troi,1602131844,Kho bãi và lưu giữ hàng hóa,CHI NHÁNH BẮC SÔNG HẬU - CÔNG TY TNHH DỊCH VỤ KHO VẬN LỘC TRỜI,1602131844-007,TRẦN TRƯỜNG HUY,"1661, Khu vực Thới An 2, Phường Thuận An, Quận Thốt Nốt, Thành phố Cần Thơ, Việt Nam"
https://masothue.com/0400481361-cong-ty-tnhh-lc-logistics,0400481361,Kho bãi và lưu giữ hàng hóa,,,,
https://masothue.com/3502425844-cong-ty-tnhh-cang-quoc-te-my-xuan,3502425844,Hoạt động dịch vụ hỗ trợ khác liên quan đến vận tải,,,,
https://masothue.com/0700257755-cong-ty-tnhh-dau-tu-phat-trien-xay-dung-ha-nam,0700257755,Vận tải hàng hóa bằng đường bộ,,,,
https://masothue.com/3101052338-cong-ty-tnhh-dau-tu-xay-dung-dong-phung-hung,3101052338,"Kinh doanh bất động sản, quyền sử dụng đất thuộc chủ sở hữu, chủ sử dụng hoặc đi thuê",,,,
https://masothue.com/3601040098-cong-ty-trach-nhiem-huu-han-j-d-dai-an,3601040098,"Kinh doanh bất động sản, quyền sử dụng đất thuộc chủ sở hữu, chủ sử dụng hoặc đi thuê",,,,
https://masothue.com/3603766262-cong-ty-tnhh-dai-phuoc-thien-an,3603766262,"Kinh doanh bất động sản, quyền sử dụng đất thuộc chủ sở hữu, chủ sử dụng hoặc đi thuê",,,,
https://masothue.com/3603766287-cong-ty-tnhh-dai-phuoc-thien-minh,3603766287,"Kinh doanh bất động sản, quyền sử dụng đất thuộc chủ sở hữu, chủ sử dụng hoặc đi thuê",,,,
https://masothue.com/0700756345-cong-ty-tnhh-thuc-an-chan-nuoi-nasaco-ha-nam,0700756345,"Sản xuất thức ăn gia súc, gia cầm và thuỷ sản",,,,
https://masothue.com/2300560662-cong-ty-tnhh-nutreco,2300560662,"Sản xuất thức ăn gia súc, gia cầm và thuỷ sản",,,,
https://masothue.com/2300641174-cong-ty-tnhh-xay-dung-ho-dieu-hoa-van-mieu-bac-ninh,2300641174,Xây dựng công trình kỹ thuật dân dụng khác,,,,
https://masothue.com/2300937326-cong-ty-tnhh-du-lich-khach-san-le-indochina,2300937326,Dịch vụ lưu trú ngắn ngày,CHI NHÁNH CÔNG TY TNHH DU LỊCH & KHÁCH SẠN LE INDOCHINA ĐÀ NẴNG,2300937326-001,NGUYỄN THỊ HẢI NINH,"Số 91 Hồ Xuân Hương, Phường Mỹ An, Quận Ngũ Hành Sơn, Thành phố Đà Nẵng, Việt Nam"
https://masothue.com/2300995504-cong-ty-tnhh-phan-bon-huu-co-viet-nhat,2300995504,Sản xuất phân bón và hợp chất ni tơ,,,,
https://masothue.com/2301034711-cong-ty-tnhh-xay-dung-duong-h2-thanh-pho-bac-ninh,2301034711,Xây dựng công trình đường sắt và đường bộ,,,,
https://masothue.com/2301058342-cong-ty-tnhh-dau-tu-va-phat-trien-cum-cong-nghiep-khuc-xuyen,2301058342,Xây dựng công trình kỹ thuật dân dụng khác,,,,
https://masothue.com/2802964919-cong-ty-tnhh-dabaco-thanh-hoa,2802964919,Khác,,,,
https://masothue.com/3801273036-cong-ty-tnhh-thuc-an-chan-nuoi-dabaco-binh-phuoc,3801273036,"Sản xuất thức ăn gia súc, gia cầm và thuỷ sản",,,,
https://masothue.com/5400519864-cong-ty-tnhh-dabaco-hoa-binh,5400519864,Chăn nuôi lợn,,,,
https://masothue.com/4100566692-cong-ty-tnhh-mot-thanh-vien-khoang-san-tuan-dat,4100566692,"Khai thác đá, cát, sỏi, đất sét",,,,
https://masothue.com/4101571624-cong-ty-tnhh-mtv-go-phu-tai-binh-dinh,4101571624,"Sản xuất giường, tủ, bàn, ghế",,,,
https://masothue.com/4101599556-cong-ty-tnhh-mot-thanh-vien-da-thach-anh-phu-tai-binh-dinh,4101599556,Sản xuất sản phẩm từ chất khoáng phi kim loại khác chưa được phân vào đâu,,,,
https://masothue.com/4101605753-cong-ty-tnhh-dau-tu-khu-do-thi-long-van-4,4101605753,Khác,,,,
https://masothue.com/4200741669-cong-ty-tnhh-thuong-mai-va-san-xuat-son-phat,4200741669,Khác,,,,
https://masothue.com/5200928771-cong-ty-tnhh-mot-thanh-vien-da-phu-tai-yen-bai,5200928771,Khác,,,,
https://masothue.com/0900259580-cong-ty-tnhh-autocon-vina,0900259580,Sản xuất các cấu kiện kim loại,,,,
https://masothue.com/3700435227-cong-ty-tnhh-mot-thanh-vien-thep-hong-nam,3700435227,"Sản xuất sắt, thép, gang",,,,
https://masothue.com/6001274727-cong-ty-tnhh-mot-thanh-vien-cao-su-phuoc-hoa-dak-lak,6001274727,Trồng cây cao su,,,,
https://masothue.com/3603079301-cong-ty-tnhh-mot-thanh-vien-giay-ha-gia,3603079301,Sản xuất giày dép,,,,
https://masothue.com/3702346565-cong-ty-tnhh-mot-thanh-vien-duy-hung-logistics,3702346565,Kho bãi và lưu giữ hàng hóa,CÔNG TY TNHH MỘT THÀNH VIÊN DUY HƯNG LOGISTICS- KHO SỐ 1,3702346565-001,Ngô Trường Bửu,"Lô 154-155 Đại lộ Độc Lập, KCN Sóng Thần 1 - Phường Dĩ An - Thành phố Dĩ An - Bình Dương."
https://masothue.com/3702552254-cong-ty-trach-nhiem-huu-han-mot-thanh-vien-giay-nam-viet,3702552254,Sản xuất giày dép,,,,
https://masothue.com/3702954517-cong-ty-tnhh-dau-tu-phat-trien-du-an-hoang-nam,3702954517,"Kinh doanh bất động sản, quyền sử dụng đất thuộc chủ sở hữu, chủ sử dụng hoặc đi thuê",,,,
https://masothue.com/0312696199-cong-ty-tnhh-bat-dong-san-areco,0312696199,"Kinh doanh bất động sản, quyền sử dụng đất thuộc chủ sở hữu, chủ sử dụng hoặc đi thuê",CHI NHÁNH CÔNG TY TNHH BẤT ĐỘNG SẢN ARECO,0312696199-001,NGUYỄN THỊ VUI,"157 Nam Kỳ Khởi Nghĩa, Phường 06, Quận 3, Thành phố Hồ Chí Minh, Việt Nam"
https://masothue.com/2100308539-cong-ty-tnhh-giay-da-my-phong,2100308539,Sản xuất giày dép,CHI NHÁNH CÔNG TY TNHH GIÀY DA MỸ PHONG TẠI THÀNH PHỐ HỒ CHÍ MINH,2100308539-004,HSU KUANG CHUNG,"56 Nguyễn Phạm Tuân, Phường 09, Quận 6, Thành phố Hồ Chí Minh, Việt Nam"
https://masothue.com/2100308539-cong-ty-tnhh-giay-da-my-phong,2100308539,Sản xuất giày dép,CHI NHÁNH 5 CÔNG TY TNHH GIÀY DA MỸ PHONG,2100308539-005,VŨ VĂN HẢI,"2/434 Khu phố Bình Đáng, Phường Bình Hòa, Thành phố Thuận An, Tỉnh Bình Dương, Việt Nam"
https://masothue.com/4000763721-cong-ty-tnhh-indochina-the-ky-21-resort,4000763721,Dịch vụ lưu trú ngắn ngày,,,,
https://masothue.com/3702613027-cong-ty-tnhh-phat-trien-cong-nghiep-ksb,3702613027,"Kinh doanh bất động sản, quyền sử dụng đất thuộc chủ sở hữu, chủ sử dụng hoặc đi thuê",,,,
https://masothue.com/3702838077-cong-ty-tnhh-dau-tu-ksb,3702838077,Hoạt động hỗ trợ dịch vụ tài chính chưa được phân vào đâu,,,,
https://masothue.com/3801194708-cong-ty-tnhh-cao-lanh-minh-long-ksb,3801194708,"Khai thác đá, cát, sỏi, đất sét",,,,
https://masothue.com/3702918734-cong-ty-tnhh-mot-thanh-vien-wtc-binh-duong,3702918734,Hoạt động tư vấn quản lý,,,,
https://masothue.com/3502474312-cong-ty-tnhh-ton-nam-kim-phu-my,3502474312,Sản xuất sản phẩm khác bằng kim loại chưa được phân vào đâu,,,,
https://masothue.com/3702046145-cong-ty-tnhh-dae-myung-paper-viet-nam,3702046145,"Sản xuất bột giấy, giấy và bìa",,,,
https://masothue.com/3702582139-cong-ty-tnhh-mot-thanh-vien-yibei-home-design,3702582139,"Sản xuất giường, tủ, bàn, ghế",,,,
https://masothue.com/0401497325-cong-ty-tnhh-mot-thanh-vien-thuc-pham-a-chau-da-nang,0401497325,"Sản xuất mì ống, mỳ sợi và sản phẩm tương tự",,,,
https://masothue.com/3701108085-cong-ty-tnhh-mot-thanh-vien-thuc-pham-a-chau-iii,3701108085,"Sản xuất mì ống, mỳ sợi và sản phẩm tương tự",,,,
https://masothue.com/0700242558-cong-ty-trach-nhiem-huu-han-frieslandcampina-ha-nam,0700242558,Chế biến sữa và các sản phẩm từ sữa,,,,
https://masothue.com/0317214219-cong-ty-tnhh-mtv-ho-tro-khoi-nghiep-becamex-idc-block-71,0317214219,Hoạt động tư vấn quản lý,,,,
https://masothue.com/3700230075-cong-ty-lien-doanh-tnhh-khu-cong-nghiep-viet-nam-singapore,3700230075,"Kinh doanh bất động sản, quyền sử dụng đất thuộc chủ sở hữu, chủ sử dụng hoặc đi thuê",CHI NHÁNH CÔNG TY LIÊN DOANH TNHH KHU CÔNG NGHIỆP VIỆT NAM - SINGAPORE TẠI HẢI PHÒNG,3700230075-001,LIM KIM HUAT,"Số 3 và 5, Đại lộ Đông- Tây, Khu đô thị, công nghiệp và dịch vụ VSIP Hải Phòng, Xã Dương Quan, Huyện Thuỷ Nguyên, Thành phố Hải Phòng, Việt Nam"
https://masothue.com/3702081936-cong-ty-co-phan-phat-trien-va-cong-nghe-btic,3702081936,Hoạt động dịch vụ công nghệ thông tin và dịch vụ khác liên quan đến máy vi tính,VĂN PHÒNG ĐẠI DIỆN CÔNG TY CỔ PHẦN PHÁT TRIỂN VÀ CÔNG NGHỆ BTIC,3702081936-001,NGUYỄN HỒNG HẢI,"Số G-1609 Tầng 2, Cao Ốc The Manor Officetel, 89 Nguyễn Hữu Cảnh, Phường 22, Quận Bình Thạnh, Thành phố Hồ Chí Minh, Việt Nam"
https://masothue.com/3700865815-cong-ty-tnhh-dau-tu-thuong-mai-binh-duong,3700865815,Khác,,,,
https://masothue.com/3702395178-cong-ty-tnhh-an-son-binh-duong-logistics,3702395178,Kho bãi và lưu giữ hàng hóa,,,,
https://masothue.com/0312398643-cong-ty-tnhh-dich-vu-ky-thuat-nuoi-trong-thuy-san-minh-phu-aquamekong,0312398643,"Hoạt động chuyên môn, khoa học và công nghệ khác chưa được phân vào đâu",CHI NHÁNH CÔNG TY TNHH DỊCH VỤ KỸ THUẬT NUÔI TRỒNG THỦY SẢN MINH PHÚ AQUAMEKONG,0312398643-001,Trần Hữu Lộc,"Số 4/15 Khu phố Tân Hòa, Phường Đông Hòa, Thành phố Dĩ An, Tỉnh Bình Dương, Việt Nam"
https://masothue.com/0312398643-cong-ty-tnhh-dich-vu-ky-thuat-nuoi-trong-thuy-san-minh-phu-aquamekong,0312398643,"Hoạt động chuyên môn, khoa học và công nghệ khác chưa được phân vào đâu",CHI NHÁNH CÔNG TY TNHH DỊCH VỤ KỸ THUẬT NUÔI TRỒNG THỦY SẢN MINH PHÚ AQUAMEKONG TẠI NINH THUẬN,0312398643-002,TRẦN HỮU LỘC,"Lô 83, thôn Hòa Thạnh, Xã An Hải, Huyện Ninh Phước, Tỉnh Ninh Thuận, Việt Nam"
https://masothue.com/2000337293-cong-ty-tnhh-che-bien-thuy-san-minh-qui,2000337293,"Chế biến, bảo quản thuỷ sản và các sản phẩm từ thuỷ sản",,,,
https://masothue.com/2001262026-cong-ty-tnhh-xa-hoi-chuoi-tom-rung-minh-phu,2001262026,Nuôi trồng thuỷ sản nội địa,,,,
https://masothue.com/2001332971-cong-ty-tnhh-xuat-khau-thuy-san-minh-phu,2001332971,Bán buôn thực phẩm,,,,
https://masothue.com/1801115004-cong-ty-tnhh-mot-thanh-vien-hamaco-petro,1801115004,"Bán buôn nhiên liệu rắn, lỏng, khí và các sản phẩm liên quan",CHI NHÁNH THỐT NỐT CÔNG TY TNHH MỘT THÀNH VIÊN HAMACO PETRO,1801115004-001,PHAN NGỌC YÊN,"1692, Quốc lộ 91, Khu vực Thới An 3, Phường Thuận An, Quận Thốt Nốt, Thành phố Cần Thơ, Việt Nam"
https://masothue.com/6300330507-cong-ty-tnhh-mot-thanh-vien-vat-lieu-xay-dung-xanh-hamaco,6300330507,"Sản xuất xi măng, vôi và thạch cao",,,,
https://masothue.com/4000483731-cong-ty-tnhh-mot-thanh-vien-khach-san-van-loi,4000483731,Dịch vụ lưu trú ngắn ngày,,,,
https://masothue.com/0401710688-cong-ty-tnhh-dau-tu-va-ho-tro-khoi-nghiep-da-nang,0401710688,Nghiên cứu khoa học và phát triển công nghệ trong lĩnh vực khoa học kỹ thuật và công nghệ,,,,
https://masothue.com/6001657938-cong-ty-tnhh-dich-vu-nang-luong-hiep-binh-phu,6001657938,Sản xuất điện,,,,
https://masothue.com/6000182199-cong-ty-tnhh-dakman-viet-nam,6000182199,"Bán buôn nông, lâm sản nguyên liệu (trừ gỗ, tre, nứa) và động vật sống",CHI NHÁNH CÔNG TY LIÊN DOANH ĐĂK MAN TẠI ĐĂK NÔNG,6000182199-026,Nguyễn Thanh Bình,Hồ Đại La - Phường Nghĩa Thành - - Thành phố Gia Nghĩa - Đắk Nông.
https://masothue.com/6000182199-cong-ty-tnhh-dakman-viet-nam,6000182199,"Bán buôn nông, lâm sản nguyên liệu (trừ gỗ, tre, nứa) và động vật sống",CHI NHÁNH CÔNG TY LIÊN DOANH CHẾ BIẾN CÀ PHÊ XUẤT KHẨU MAN-BUÔN MA THUỘT,6000182199-032,Tạ Quang Lấn,"Thôn 2, xã ChưHDrông - - Thành phố Pleiku - Gia Lai."
https://masothue.com/6000182199-cong-ty-tnhh-dakman-viet-nam,6000182199,"Bán buôn nông, lâm sản nguyên liệu (trừ gỗ, tre, nứa) và động vật sống",VĂN PHÒNG ĐẠI DIỆN CÔNG TY TNHH DAKMAN TẠI LÂM ĐỒNG,6000182199-033,PHAN HỒNG MINH,"Số 29 Đào Duy Từ, Thị Trấn Liên Nghĩa, Huyện Đức Trọng, Tỉnh Lâm Đồng, Việt Nam"
https://masothue.com/0302482409-cong-ty-tnhh-san-xuat-va-thuong-mai-dai-phuc,0302482409,Bán buôn kim loại và quặng kim loại,,,,
https://masothue.com/6001507668-cong-ty-tnhh-thuong-mai-danh-nguyen,6001507668,Xây dựng nhà để ở,,,,
https://masothue.com/3603205323-cong-ty-tnhh-mot-thanh-vien-dau-tu-xay-dung-khu-cong-nghiep-nhon-trach-6a,3603205323,"Kinh doanh bất động sản, quyền sử dụng đất thuộc chủ sở hữu, chủ sử dụng hoặc đi thuê",,,,
https://masothue.com/3603317958-cong-ty-tnhh-khoang-san-thien-tan,3603317958,"Khai thác đá, cát, sỏi, đất sét",,,,
https://masothue.com/3603475520-cong-ty-tnhh-dau-tu-phat-trien-hiep-hoa,3603475520,"Kinh doanh bất động sản, quyền sử dụng đất thuộc chủ sở hữu, chủ sử dụng hoặc đi thuê",,,,
https://masothue.com/3502446379-cong-ty-tnhh-mtv-bao-bi-trung-dong,3502446379,Sản xuất sản phẩm từ plastic,,,,
https://masothue.com/0900704778-cong-ty-tnhh-san-xuat-va-thuong-mai-proconco-hung-yen,0900704778,"Sản xuất thức ăn gia súc, gia cầm và thuỷ sản",,,,
https://masothue.com/1801099881-cong-ty-trach-nhiem-huu-han-mot-thanh-vien-proconco-can-tho,1801099881,"Sản xuất thức ăn gia súc, gia cầm và thuỷ sản",,,,
https://masothue.com/4101344967-cong-ty-trach-nhiem-huu-han-mot-thanh-vien-con-co-binh-dinh,4101344967,"Sản xuất thức ăn gia súc, gia cầm và thuỷ sản",,,,
https://masothue.com/3603683591-cong-ty-tnhh-giong-gia-cam-a-chau,3603683591,Chăn nuôi gia cầm,,,,
https://masothue.com/4101393851-cong-ty-tnhh-ant-mv,4101393851,"Sản xuất thức ăn gia súc, gia cầm và thuỷ sản",CÔNG TY TNHH ANT (MV) - CHI NHÁNH QUẢNG TRỊ,4101393851-001,NGUYỄN HỮU VIỆT,"Thôn An Bình, Xã Thanh An, Huyện Cam Lộ, Tỉnh Quảng Trị, Việt Nam"
https://masothue.com/4101393851-cong-ty-tnhh-ant-mv,4101393851,"Sản xuất thức ăn gia súc, gia cầm và thuỷ sản",CÔNG TY TNHH ANT (MV) - CHI NHÁNH QUẢNG NAM,4101393851-002,HÀ XUÂN TẨN,"Thôn Phong Lục Tây, Xã Điện Thắng Nam, Thị xã Điện Bàn, Tỉnh Quảng Nam, Việt Nam"
https://masothue.com/4101393851-cong-ty-tnhh-ant-mv,4101393851,"Sản xuất thức ăn gia súc, gia cầm và thuỷ sản",CHI NHÁNH CÔNG TY TNHH ANT (MV) - TRẠI GIA LAI,4101393851-003,NGUYỄN HỮU VIỆT,"Làng Kruối Chai, Xã Yang Bắc, Huyện ĐakPơ, Tỉnh Gia Lai, Việt Nam"
https://masothue.com/3502475651-cong-ty-tnhh-nang-luong-tai-tao-usv,3502475651,"Sản xuất sản phẩm khác từ gỗ; sản xuất sản phẩm từ tre, nứa, rơm, rạ và vật liệu tết bện",,,,
https://masothue.com/3700814761-cong-ty-trach-nhiem-huu-han-minh-phu,3700814761,May trang phục (trừ trang phục từ da lông thú),,,,
https://masothue.com/3702891715-cong-ty-tnhh-moc-c-t,3702891715,"Sản xuất giường, tủ, bàn, ghế",,,,
https://masothue.com/3702894152-cong-ty-tnhh-che-bien-go-xuat-khau-b-b,3702894152,"Sản xuất giường, tủ, bàn, ghế",,,,
https://masothue.com/3702894931-cong-ty-tnhh-lam-nghiep-tvt,3702894931,"Sản xuất giường, tủ, bàn, ghế",,,,
https://masothue.com/1400604953-cong-ty-tnhh-pilmico-viet-nam,1400604953,"Sản xuất thức ăn gia súc, gia cầm và thuỷ sản",,,,
https://masothue.com/1402157958-cong-ty-tnhh-nong-san-thuc-pham-thanh-ngoc,1402157958,Chế biến và bảo quản rau quả,,,,
https://masothue.com/1602091937-cong-ty-tnhh-san-xuat-giong-ca-tra-vinh-hoan,1602091937,Nuôi trồng thuỷ sản nội địa,,,,
https://masothue.com/5200275018-cong-ty-tnhh-san-xuat-va-thuong-mai-chan-thien-my,5200275018,Khai thác đá,CHI NHÁNH - CÔNG TY TNHH SẢN XUẤT VÀ THƯƠNG MẠI CHÂN THIỆN MỸ,5200275018-001,NGUYỄN THỊ PHƯƠNG,"Số 4 phố Thi Sách, Phường Ngô Thì Nhậm, Quận Hai Bà Trưng, Thành phố Hà Nội, Việt Nam"
https://masothue.com/4001193087-cong-ty-tnhh-mtv-xi-mang-xuan-thanh-quang-nam,4001193087,"Sản xuất xi măng, vôi và thạch cao",,,,
https://masothue.com/0108639592-cong-ty-co-phan-m-i-the-ky,0108639592,"Tư vấn, môi giới, đấu giá bất động sản, đấu giá quyền sử dụng đất",,,,
https://masothue.com/0107721614-cong-ty-tnhh-dau-tu-estartup,0107721614,Hoạt động tư vấn quản lý,,,,
https://masothue.com/0109206418-cong-ty-tnhh-eco-shine-viet-nam,0109206418,Sản xuất kim loại màu và kim loại quý,,,,
https://masothue.com/2600891979-cong-ty-tnhh-che-bien-go-va-lam-san-pt,2600891979,"Sản xuất gỗ dán, gỗ lạng, ván ép và ván mỏng khác",,,,
https://masothue.com/3200574857-cong-ty-tnhh-nguyen-lieu-giay-quang-tri,3200574857,"Sản xuất gỗ dán, gỗ lạng, ván ép và ván mỏng khác",,,,
https://masothue.com/4101410828-cong-ty-tnhh-dich-vu-huynh-phat,4101410828,"Sản xuất sản phẩm khác từ gỗ; sản xuất sản phẩm từ tre, nứa, rơm, rạ và vật liệu tết bện",,,,
https://masothue.com/5400517017-cong-ty-tnhh-geleximco-hoa-binh,5400517017,Xây dựng nhà để ở,VĂN PHÒNG ĐẠI DIỆN TẠI HÀ NỘI - CÔNG TY TNHH GELEXIMCO HÒA BÌNH,5400517017-001,TRỊNH MINH SƠN,"Tầng 6, Toà nhà GELEXIMCO, số 36 Phố Hoàng Cầu, Phường Ô Chợ Dừa, Quận Đống Đa, Thành phố Hà Nội, Việt Nam"
https://masothue.com/0106579919-cong-ty-tnhh-mot-thanh-vien-be-tong-xuan-mai,0106579919,Sản xuất bê tông và các sản phẩm từ xi măng và thạch cao,,,,
https://masothue.com/3702940137-cong-ty-tnhh-mot-thanh-vien-xuan-mai-binh-duong,3702940137,"Bán buôn vật liệu, thiết bị lắp đặt khác trong xây dựng",,,,
https://masothue.com/0109214793-cong-ty-tnhh-cong-vien-trung-van,0109214793,"Kinh doanh bất động sản, quyền sử dụng đất thuộc chủ sở hữu, chủ sử dụng hoặc đi thuê",,,,
https://masothue.com/1801673457-cong-ty-tnhh-dau-tu-phat-trien-do-thi-can-tho,1801673457,"Kinh doanh bất động sản, quyền sử dụng đất thuộc chủ sở hữu, chủ sử dụng hoặc đi thuê",,,,
https://masothue.com/2802526898-cong-ty-tnhh-mot-thanh-vien-dau-tu-hung-son,2802526898,"Kinh doanh bất động sản, quyền sử dụng đất thuộc chủ sở hữu, chủ sử dụng hoặc đi thuê",,,,
https://masothue.com/5702054968-cong-ty-tnhh-an-bien-golf-and-resort,5702054968,"Kinh doanh bất động sản, quyền sử dụng đất thuộc chủ sở hữu, chủ sử dụng hoặc đi thuê",,,,
https://masothue.com/0103683573-cong-ty-tnhh-tu-van-va-xay-dung-dcpm,0103683573,Bán buôn ô tô và xe có động cơ khác,,,,
https://masothue.com/0106129187-cong-ty-co-phan-xay-dung-co-dien-va-thuong-mai-viet-nam,0106129187,Xây dựng nhà để ở,VĂN PHÒNG ĐẠI DIỆN CÔNG TY CỔ PHẦN XÂY DỰNG CƠ ĐIỆN VÀ THƯƠNG MẠI VIỆT NAM,0106129187-001,VŨ NGỌC SƠN,"Tầng 2, tòa nhà MICONS, B20 Hoàng Cầu, Phường Ô Chợ Dừa, Quận Đống Đa, Thành phố Hà Nội, Việt Nam"
https://masothue.com/0801297786-cong-ty-tnhh-mtv-khoang-san-itasco,0801297786,"Bán buôn nhiên liệu rắn, lỏng, khí và các sản phẩm liên quan",,,,
https://masothue.com/5701750585-cong-ty-co-phan-dich-vu-cap-treo-tam-duc,5701750585,Vận tải hành khách đường bộ khác,,,,
https://masothue.com/0107919237-cong-ty-tnhh-phat-dien-gelex,0107919237,Sản xuất điện,,,,
https://masothue.com/3200685620-cong-ty-co-phan-nang-luong-gelex-quang-tri,3200685620,Truyền tải và phân phối điện,,,,
https://masothue.com/3600241669-cong-ty-day-dong-viet-nam-cft,3600241669,"Sản xuất dây, cáp điện và điện tử khác",,,,
https://masothue.com/0312144208-cong-ty-trach-nhiem-huu-han-hataphar-mien-nam,0312144208,Bán buôn đồ dùng khác cho gia đình,,,,
https://masothue.com/0109299412-cong-ty-tnhh-mtv-nguon-nhan-luc-fecon,0109299412,Hoạt động tư vấn quản lý,,,,
https://masothue.com/0109783334-cong-ty-tnhh-mtv-phuc-vu-mat-dat-vietjet,0109783334,Khác,,,,
https://masothue.com/4101613264-cong-ty-tnhh-hai-thanh-vien-licogi13-thuan-phuoc,4101613264,"Kinh doanh bất động sản, quyền sử dụng đất thuộc chủ sở hữu, chủ sử dụng hoặc đi thuê",,,,
https://masothue.com/0105315261-cong-ty-tnhh-elmich-viet-nam,0105315261,Bán buôn đồ dùng khác cho gia đình,VĂN PHÒNG ĐẠI DIỆN CÔNG TY TNHH ELMICH VIỆT NAM,0105315261-001,BÙI QUANG HUY,"Số 649/16 Điện Biên Phủ, Phường 25, Quận Bình Thạnh, Thành phố Hồ Chí Minh, Việt Nam"
https://masothue.com/0105315261-cong-ty-tnhh-elmich-viet-nam,0105315261,Bán buôn đồ dùng khác cho gia đình,CHI NHÁNH CÔNG TY TNHH ELMICH VIỆT NAM,0105315261-002,PHẠM THU HIỀN,"294 Đường 3/2, Phường 12, Quận 10, Thành phố Hồ Chí Minh, Việt Nam"
https://masothue.com/0108740345-cong-ty-tnhh-blue-line,0108740345,Hoạt động dịch vụ hỗ trợ kinh doanh khác còn lại chưa được phân vào đâu,,,,
https://masothue.com/2802520818-cong-ty-tnhh-miza-nghi-son,2802520818,"Sản xuất bột giấy, giấy và bìa",,,,
https://masothue.com/2802853704-cong-ty-tnhh-depak,2802853704,"Sản xuất giấy nhăn, bìa nhăn, bao bì từ giấy và bìa",,,,
https://masothue.com/0310304632-cong-ty-tnhh-mot-thanh-vien-pi-co-sai-gon,0310304632,"Bán lẻ đồ điện gia dụng, giường, tủ, bàn, ghế và đồ nội thất tương tự, đèn và bộ đèn điện, đồ dùng gia đình khác chưa được phân vào đâu trong các cửa hàng chuyên doanh",,,,
https://masothue.com/0107600722-cong-ty-tnhh-mot-thanh-vien-logistics-son-ha,0107600722,Chuyển phát,,,,
https://masothue.com/0108634562-cong-ty-tnhh-wegen-energy-viet-nam,0108634562,Lắp đặt hệ thống điện,CHI NHÁNH CÔNG TY CỔ PHẦN SƠN HÀ - WEGEN,0108634562-001,TRƯƠNG TRỌNG THẢO,"Lầu 6, số 41 Nguyễn Thị Minh Khai, Phường Bến Nghé, Quận 1, Thành phố Hồ Chí Minh, Việt Nam"
https://masothue.com/2901891940-cong-ty-tnhh-mot-thanh-vien-dich-vu-va-cong-nghiep-truong-tuyen,2901891940,Sản xuất sản phẩm khác bằng kim loại chưa được phân vào đâu,,,,
https://masothue.com/0304105607-cong-ty-tnhh-austdoor-mien-nam,0304105607,Sản xuất các cấu kiện kim loại,,,,
https://masothue.com/0900612196-cong-ty-tnhh-mot-thanh-vien-austdoor-hung-yen,0900612196,"Lắp đặt hệ thống cấp, thoát nước, lò sưởi và điều hoà không khí",,,,
https://masothue.com/0900213811-cong-ty-tnhh-bot-cau-yen-lenh,0900213811,Khác,,,,
https://masothue.com/2900872790-cong-ty-tnhh-dau-tu-thuong-hai,2900872790,Bán buôn đồ dùng khác cho gia đình,,,,
https://masothue.com/4601188635-cong-ty-tnhh-bot-thai-nguyen-cho-moi,4601188635,"Kinh doanh bất động sản, quyền sử dụng đất thuộc chủ sở hữu, chủ sử dụng hoặc đi thuê",,,,
https://masothue.com/0109871485-cong-ty-tnhh-cmc-education,0109871485,Đào tạo đại học,,,,
https://masothue.com/0313132195-cong-ty-tnhh-fukunana,0313132195,Bán buôn thực phẩm,CHI NHÁNH BÌNH THUẬN - CÔNG TY TNHH FUKUNANA,0313132195-001,NGUYỄN THỊ PHƯƠNG ANH,"Thôn Tân Hòa, Xã Sông Bình, Huyện Bắc Bình, Tỉnh Bình Thuận, Việt Nam"
https://masothue.com/3401035943-cong-ty-tnhh-thuc-pham-bee,3401035943,Trồng lúa,CHI NHÁNH BÌNH THUẬN - CÔNG TY TNHH THỰC PHẨM BEE,3401035943-001,NGUYỄN TIÊN PHÚC,"Thôn Tân Hòa, Xã Sông Bình, Huyện Bắc Bình, Tỉnh Bình Thuận, Việt Nam"
https://masothue.com/4000881387-cong-ty-tnhh-xay-dung-chu-lai-quang-nam,4000881387,Xây dựng công trình kỹ thuật dân dụng khác,,,,
https://masothue.com/0900766090-cong-ty-tnhh-mot-thanh-vien-san-xuat-lap-rap-cong-nghe-cao-kangaroo,0900766090,"Bán buôn thiết bị và linh kiện điện tử, viễn thông",,,,
https://masothue.com/0106882263-cong-ty-tnhh-vinh-hoa,0106882263,Sản xuất vật liệu xây dựng từ đất sét,,,,
https://masothue.com/0106757061-cong-ty-tnhh-thuong-mai-va-nhan-luc-quoc-te-flc,0106757061,Cung ứng và quản lý nguồn lao động,,,,
https://masothue.com/3600241669-cong-ty-day-dong-viet-nam-cft,3600241669,"Sản xuất dây, cáp điện và điện tử khác",,,,
https://masothue.com/0105926246-cong-ty-tnhh-mot-thanh-vien-quan-ly-va-kinh-doanh-bat-dong-san-ha-do,0105926246,"Tư vấn, môi giới, đấu giá bất động sản, đấu giá quyền sử dụng đất",CHI NHÁNH MIỀN NAM-CÔNG TY TNHH MỘT THÀNH VIÊN KINH DOANH VÀ MÔI GIỚI BẤT ĐỘNG SẢN HÀ ĐÔ,0105926246-001,NGUYỄN THANH TÚ,"60 Trường Sơn, Phường 2, Quận Tân Bình, Thành phố Hồ Chí Minh, Việt Nam"
https://masothue.com/0106185858-cong-ty-tnhh-mot-thanh-vien-lt-ha-noi,0106185858,Dịch vụ lưu trú ngắn ngày,,,,
https://masothue.com/0901021598-cong-ty-tnhh-lien-doanh-mavin-logistics,0901021598,Hoạt động dịch vụ hỗ trợ khác liên quan đến vận tải,VĂN PHÒNG ĐẠI DIỆN - CÔNG TY TNHH LIÊN DOANH MAVIN LOGISTICS,0901021598-001,NGUYỄN ANH TUẤN,"Tầng 8, tòa nhà Hudland, số 6 Nguyễn Hữu Thọ, Phường Hoàng Liệt, Quận Hoàng Mai, Thành phố Hà Nội, Việt Nam"
https://masothue.com/1702170942-cong-ty-tnhh-mavin-nam-du,1702170942,Nuôi trồng thuỷ sản biển,,,,
https://masothue.com/2803021272-cong-ty-tnhh-mavin-nhu-xuan,2803021272,Chăn nuôi gia cầm,,,,
https://masothue.com/2901793005-cong-ty-tnhh-mavin-austfeed-nghe-an,2901793005,"Sản xuất thức ăn gia súc, gia cầm và thuỷ sản",,,,
https://masothue.com/2901881974-cong-ty-tnhh-mavin-anh-son,2901881974,Chăn nuôi lợn,,,,
https://masothue.com/5400498075-cong-ty-tnhh-thuy-san-mavin-hoa-binh,5400498075,Nuôi trồng thuỷ sản nội địa,VĂN PHÒNG ĐẠI DIỆN - CÔNG TY TNHH THỦY SẢN MAVIN HÒA BÌNH,5400498075-001,NGÔ PHÚ THỎA,"Tầng 1, tòa nhà Hudland, số 6 Nguyễn Hữu Thọ, Phường Hoàng Liệt, Quận Hoàng Mai, Thành phố Hà Nội, Việt Nam"
https://masothue.com/5500641843-cong-ty-tnhh-mavin-mai-son,5500641843,"Sản xuất thức ăn gia súc, gia cầm và thuỷ sản",,,,
https://masothue.com/5702107271-cong-ty-tnhh-mavin-quang-ninh,5702107271,"Sản xuất thức ăn gia súc, gia cầm và thuỷ sản",,,,
https://masothue.com/5702114568-cong-ty-tnhh-mavin-dong-tam,5702114568,Chăn nuôi lợn,,,,
https://masothue.com/5901135509-cong-ty-tnhh-mot-thanh-vien-chan-nuoi-kbang,5901135509,Chăn nuôi lợn,,,,
https://masothue.com/5901135516-cong-ty-tnhh-mot-thanh-vien-giong-gia-cam-kbang,5901135516,Chăn nuôi gia cầm,,,,
https://masothue.com/6101283059-cong-ty-tnhh-mavin-dak-ha,6101283059,Chăn nuôi lợn,,,,
https://masothue.com/6200117711-cong-ty-tnhh-mavin-lai-chau,6200117711,"Sản xuất thức ăn gia súc, gia cầm và thuỷ sản",,,,
https://masothue.com/0101099228-002-cong-ty-trach-nhiem-huu-han-nhua-dong-a,0101099228-002,Sản xuất sản phẩm từ plastic,CÔNG TY CỔ PHẦN TẬP ĐOÀN NHỰA ĐÔNG Á,0101099228,Nguyễn Bá Hùng,"Lô 1-CN5-Cụm Công nghiệp Ngọc Hồi, Xã Ngọc Hồi, Huyện Thanh Trì, Thành phố Hà Nội, Việt Nam"
https://masothue.com/0100230134-cong-ty-tnhh-lien-thai-binh,0100230134,Vệ sinh chung nhà cửa,,,,
https://masothue.com/0309493985-cong-ty-tnhh-dich-vu-xuyen-thai-binh,0309493985,Vệ sinh nhà cửa và các công trình khác,VĂN PHÒNG ĐẠI DIỆN CÔNG TY TNHH MỘT THÀNH VIÊN DỊCH VỤ XUYÊN THÁI BÌNH TẠI THÀNH PHỐ ĐÀ NẴNG,0309493985-001,Vũ Thị Ngân,"480-482 Trưng Nữ Vương, Phường Hoà Thuận Tây, Quận Hải Châu, Thành phố Đà Nẵng, Việt Nam"
https://masothue.com/0309493985-cong-ty-tnhh-dich-vu-xuyen-thai-binh,0309493985,Vệ sinh nhà cửa và các công trình khác,VĂN PHÒNG ĐẠI DIỆN TẠI THÀNH PHỐ HỒ CHÍ MINH - CÔNG TY TNHH DỊCH VỤ XUYÊN THÁI BÌNH,0309493985-002,VŨ THỊ NGÂN,"246/9 Bình Quới, Phường 28, Quận Bình Thạnh, Thành phố Hồ Chí Minh, Việt Nam"
https://masothue.com/4800916705-cong-ty-tnhh-phat-trien-du-an-cao-bang-xanh,4800916705,"Kinh doanh bất động sản, quyền sử dụng đất thuộc chủ sở hữu, chủ sử dụng hoặc đi thuê",,,,
https://masothue.com/0107252232-cong-ty-tnhh-san-xuat-do-gia-dung-sunhouse,0107252232,Sản xuất sản phẩm khác bằng kim loại chưa được phân vào đâu,CHI NHÁNH LONG AN - CÔNG TY TNHH SẢN XUẤT ĐỒ GIA DỤNG SUNHOUSE - NHÀ MÁY SẢN XUẤT,0107252232-001,BÙI QUANG BÌNH,"Lô 36, đường số 1, khu công nghiệp Tân Đức, Xã Đức Hòa Hạ, Huyện Đức Hoà, Tỉnh Long An, Việt Nam"
https://masothue.com/0109320865-cong-ty-tnhh-kim-khi-sunhouse,0109320865,Sản xuất sản phẩm khác bằng kim loại chưa được phân vào đâu,,,,
https://masothue.com/3700755594-cong-ty-tnhh-ovi-cables-viet-nam,3700755594,"Sản xuất dây, cáp điện và điện tử khác",VĂN PHÒNG ĐẠI DIỆN CÔNG TY TNHH OVI CABLES (VIỆT NAM),3700755594-001,KHỔNG MINH THÁI,"Đường số 6 giao đường số 9, Khu Công Nghiệp Hòa Khánh, Phường Hoà Khánh Bắc, Quận Liên Chiểu, Thành phố Đà Nẵng, Việt Nam"
https://masothue.com/3700755594-cong-ty-tnhh-ovi-cables-viet-nam,3700755594,"Sản xuất dây, cáp điện và điện tử khác",VĂN PHÒNG ĐẠI DIỆN CÔNG TY TNHH OVI CABLES (VIỆT NAM) (TỈNH BÌNH DƯƠNG),3700755594-002,NGUYỄN THU HÀ,"307/4 Nguyễn Văn Trỗi, Phường 1, Quận Tân Bình, Thành phố Hồ Chí Minh, Việt Nam"
https://masothue.com/3700755594-cong-ty-tnhh-ovi-cables-viet-nam,3700755594,"Sản xuất dây, cáp điện và điện tử khác",VĂN PHÒNG ĐẠI DIỆN CÔNG TY TNHH OVI CABLES (VIỆT NAM),3700755594-003,KHỔNG MINH THÁI,"Tầng 12, Richy Tower, số 35 Mạc Thái Tổ, Phường Yên Hoà, Quận Cầu Giấy, Thành phố Hà Nội, Việt Nam"
https://masothue.com/0106457572-cong-ty-tnhh-thang-may-hyundai-thanh-cong-viet-nam,0106457572,Bán buôn tổng hợp,VĂN PHÒNG ĐẠI DIỆN CÔNG TY TNHH THANG MÁY HYUNDAI THÀNH CÔNG VIỆT NAM,0106457572-001,LEE KYOUNG UK,"Tầng 2, tòa nhà Pax Sky, số 34A Phạm Ngọc Thạch, Phường Võ Thị Sáu, Quận 3, Thành phố Hồ Chí Minh, Việt Nam"
https://masothue.com/0106457572-cong-ty-tnhh-thang-may-hyundai-thanh-cong-viet-nam,0106457572,Bán buôn tổng hợp,ĐỊA ĐIỂM KINH DOANH SỐ 1 - CÔNG TY TNHH THANG MÁY HYUNDAI THÀNH CÔNG VIỆT NAM,0106457572-002,Park Seok Bae,"Tầng 5, tòa nhà Vĩnh Trung, số 255-257 đường Hùng Vương - Phường Vĩnh Trung - Quận Thanh Khê - Đà Nẵng."
https://masothue.com/0107604212-cong-ty-tnhh-o-to-thanh-cong-dong-do,0107604212,Bán buôn ô tô và xe có động cơ khác,,,,
https://masothue.com/2802310810-cong-ty-tnhh-thanh-cong-thanh-hoa,2802310810,Bán phụ tùng và các bộ phận phụ trợ của ô tô và xe có động cơ khác,,,,
https://masothue.com/3702873579-cong-ty-tnhh-san-xuat-mu-cao-su-lop-kumho-viet-nam,3702873579,Sản xuất sản phẩm khác từ cao su,,,,
https://masothue.com/3703019962-cong-ty-tnhh-san-xuat-gang-tay-y-te-xanh,3703019962,Sản xuất khác chưa được phân vào đâu,,,,
https://masothue.com/5702056771-cong-ty-tnhh-phat-trien-cong-nghiep-o-to-viet-nam,5702056771,Bán buôn ô tô và xe có động cơ khác,VĂN PHÒNG ĐẠI DIỆN CÔNG TY TNHH PHÁT TRIỂN CÔNG NGHIỆP Ô TÔ VIỆT NAM,5702056771-001,LÊ TRỌNG THANH,"Tầng 8, Tòa nhà Detech 2, số 107 Nguyễn Phong Sắc, Phường Dịch Vọng Hậu, Quận Cầu Giấy, Thành phố Hà Nội, Việt Nam"
https://masothue.com/5702056771-cong-ty-tnhh-phat-trien-cong-nghiep-o-to-viet-nam,5702056771,Bán buôn ô tô và xe có động cơ khác,VĂN PHÒNG ĐẠI DIỆN CÔNG TY TNHH PHÁT TRIỂN CÔNG NGHIỆP Ô TÔ VIỆT NAM TẠI THÀNH PHỐ HỒ CHÍ MINH,5702056771-002,LÊ TRỌNG THANH,"Tầng 5, Toà nhà 14 Nguyễn Văn Trỗi , Phường 17, Quận Phú Nhuận, Thành phố Hồ Chí Minh, Việt Nam"
https://masothue.com/0106810910-cong-ty-tnhh-dau-tu-va-thuong-mai-tdj-viet-nam,0106810910,"Kinh doanh bất động sản, quyền sử dụng đất thuộc chủ sở hữu, chủ sử dụng hoặc đi thuê",,,,
https://masothue.com/0107777663-cong-ty-tnhh-royal-bay,0107777663,"Kinh doanh bất động sản, quyền sử dụng đất thuộc chủ sở hữu, chủ sử dụng hoặc đi thuê",,,,
https://masothue.com/0107777769-cong-ty-tnhh-dragon-bay,0107777769,"Kinh doanh bất động sản, quyền sử dụng đất thuộc chủ sở hữu, chủ sử dụng hoặc đi thuê",,,,
https://masothue.com/0107779879-cong-ty-tnhh-golden-bay,0107779879,"Kinh doanh bất động sản, quyền sử dụng đất thuộc chủ sở hữu, chủ sử dụng hoặc đi thuê",,,,
https://masothue.com/0700826842-cong-ty-tnhh-cong-nghiep-haast-viet-nam,0700826842,Sản xuất linh kiện điện tử,,,,
https://masothue.com/0700832638-cong-ty-tnhh-billion-square-meters-chau-son,0700832638,"Kinh doanh bất động sản, quyền sử dụng đất thuộc chủ sở hữu, chủ sử dụng hoặc đi thuê",,,,
https://masothue.com/2601075211-cong-ty-tnhh-bsm-bac-lam-thao,2601075211,Xây dựng công trình công ích khác,,,,
https://masothue.com/2900329351-cong-ty-tnhh-mia-duong-nghe-an,2900329351,Sản xuất đường,VĂN PHÒNG ĐẠI DIỆN CÔNG TY TNHH MÍA ĐƯỜNG NGHỆ AN,2900329351-001,NGUYỄN MẠNH HÀ,"Phòng 502, Tầng 5, Tòa nhà số 9 phố Đào Duy Anh, Phường Phương Liên, Quận Đống Đa, Thành phố Hà Nội, Việt Nam"
https://masothue.com/0201735942-cong-ty-tnhh-citicom-hai-phong,0201735942,Sản xuất các cấu kiện kim loại,,,,
https://masothue.com/0201916473-cong-ty-tnhh-kajiya-ctm,0201916473,Sản xuất sản phẩm khác bằng kim loại chưa được phân vào đâu,,,,
https://masothue.com/1102009518-cong-ty-tnhh-citicom-long-an,1102009518,Gia công cơ khí; xử lý và tráng phủ kim loại,,,,
https://masothue.com/0104571417-cong-ty-tnhh-tan-phong-lai-yen,0104571417,"Đại lý, môi giới, đấu giá",,,,
https://masothue.com/0107450594-cong-ty-tnhh-dich-vu-do-an-nhat-ban-tai-viet-nam,0107450594,Sản xuất các loại bánh từ bột,,,,
https://masothue.com/0107647840-cong-ty-tnhh-golden-gate-franchise,0107647840,"Đại lý, môi giới, đấu giá",,,,
https://masothue.com/0314212735-cong-ty-tnhh-golden-gate-red-hots,0314212735,Nhà hàng và các dịch vụ ăn uống phục vụ lưu động,,,,
https://masothue.com/2500233937-cong-ty-tnhh-dau-tu-tay-ho-vinh-phuc,2500233937,"Chế biến, bảo quản thịt và các sản phẩm từ thịt",,,,
https://masothue.com/2901721473-cong-ty-tnhh-cong-vang-vinh,2901721473,Nhà hàng và các dịch vụ ăn uống phục vụ lưu động,CÔNG TY TNHH CỔNG VÀNG VINH - CHI NHÁNH TẠI THANH HÓA,2901721473-001,PHẠM THỊ LAM GIANG,"Số 27-29, đường Lê Lợi, Phường Lam Sơn, Thành phố Thanh Hoá, Tỉnh Thanh Hoá, Việt Nam"
https://masothue.com/2802417232-cong-ty-tnhh-sx-tm-tong-hop-dai-loc,2802417232,Sản xuất phân bón và hợp chất ni tơ,,,,
https://masothue.com/0106250673-cong-ty-tnhh-van-hanh-vincom-retail,0106250673,"Kinh doanh bất động sản, quyền sử dụng đất thuộc chủ sở hữu, chủ sử dụng hoặc đi thuê",CHI NHÁNH TẠI TỈNH PHÚ THỌ - CÔNG TY TNHH VẬN HÀNH VINCOM RETAIL,0106250673-001,VŨ MINH PHƯỢNG,"Trung tâm Thương mại Vincom Việt Trì, Đường Hùng Vương, Phường Tiên Cát, Thành phố Việt Trì, Tỉnh Phú Thọ, Việt Nam"
https://masothue.com/0106250673-cong-ty-tnhh-van-hanh-vincom-retail,0106250673,"Kinh doanh bất động sản, quyền sử dụng đất thuộc chủ sở hữu, chủ sử dụng hoặc đi thuê",CHI NHÁNH TẠI THÀNH PHỐ HẢI PHÒNG - CÔNG TY TNHH VẬN HÀNH VINCOM RETAIL,0106250673-002,VŨ MINH PHƯỢNG,"Số 1 đường Lê Thánh Tông, Phường Máy Tơ, Quận Ngô Quyền, Thành phố Hải Phòng, Việt Nam"
https://masothue.com/0106250673-cong-ty-tnhh-van-hanh-vincom-retail,0106250673,"Kinh doanh bất động sản, quyền sử dụng đất thuộc chủ sở hữu, chủ sử dụng hoặc đi thuê",CHI NHÁNH TẠI TỈNH QUẢNG NINH - CÔNG TY TNHH VẬN HÀNH VINCOM RETAIL,0106250673-003,VŨ MINH PHƯỢNG,"Khu cột Đồng Hồ, Phường Bạch Đằng, Thành phố Hạ Long, Tỉnh Quảng Ninh, Việt Nam"
https://masothue.com/0106250673-cong-ty-tnhh-van-hanh-vincom-retail,0106250673,"Kinh doanh bất động sản, quyền sử dụng đất thuộc chủ sở hữu, chủ sử dụng hoặc đi thuê",CHI NHÁNH TẠI TỈNH THÁI BÌNH - CÔNG TY TNHH VẬN HÀNH VINCOM RETAIL,0106250673-004,VŨ MINH PHƯỢNG,"Số 460, phố Lý Bôn, Phường Đề Thám, Thành phố Thái Bình, Tỉnh Thái Bình, Việt Nam"
https://masothue.com/0106250673-cong-ty-tnhh-van-hanh-vincom-retail,0106250673,"Kinh doanh bất động sản, quyền sử dụng đất thuộc chủ sở hữu, chủ sử dụng hoặc đi thuê",CHI NHÁNH TẠI TỈNH BẮC NINH - CÔNG TY TNHH VINCOM RETAIL MIỀN BẮC,0106250673-005,MAI THU THỦY,"Ngã 6, đường Lý Thái Tổ, Phường Suối Hoa, Thành phố Bắc Ninh, Tỉnh Bắc Ninh, Việt Nam"
https://masothue.com/0106250673-cong-ty-tnhh-van-hanh-vincom-retail,0106250673,"Kinh doanh bất động sản, quyền sử dụng đất thuộc chủ sở hữu, chủ sử dụng hoặc đi thuê",CHI NHÁNH TẠI TỈNH HẢI DƯƠNG - CÔNG TY TNHH VẬN HÀNH VINCOM RETAIL,0106250673-006,VŨ MINH PHƯỢNG,"Khu dân cư Nguyễn Trãi 1, Phường Sao Đỏ, Thành phố Chí Linh, Tỉnh Hải Dương, Việt Nam"
https://masothue.com/0106250673-cong-ty-tnhh-van-hanh-vincom-retail,0106250673,"Kinh doanh bất động sản, quyền sử dụng đất thuộc chủ sở hữu, chủ sử dụng hoặc đi thuê",CHI NHÁNH TẠI TỈNH YÊN BÁI - CÔNG TY TNHH VẬN HÀNH VINCOM RETAIL,0106250673-007,VŨ MINH PHƯỢNG,"Công viên Yên Hòa, đường Thành Công và đường Tô Hiến Thành, Phường Nguyễn Thái Học, Thành phố Yên Bái, Tỉnh Yên Bái, Việt Nam"
https://masothue.com/0106250673-cong-ty-tnhh-van-hanh-vincom-retail,0106250673,"Kinh doanh bất động sản, quyền sử dụng đất thuộc chủ sở hữu, chủ sử dụng hoặc đi thuê",CHI NHÁNH TẠI TỈNH THANH HÓA - CÔNG TY TNHH VẬN HÀNH VINCOM RETAIL,0106250673-008,VŨ MINH PHƯỢNG,"Lô 1, Thôn Nam Yến, Xã Hải Yến, Thị xã Nghi Sơn, Tỉnh Thanh Hoá, Việt Nam"
https://masothue.com/0106250673-cong-ty-tnhh-van-hanh-vincom-retail,0106250673,"Kinh doanh bất động sản, quyền sử dụng đất thuộc chủ sở hữu, chủ sử dụng hoặc đi thuê",CHI NHÁNH TẠI TỈNH HÀ TĨNH - CÔNG TY TNHH VẬN HÀNH VINCOM RETAIL,0106250673-009,VŨ MINH PHƯỢNG,"Góc ngã tư, đường Hàm Nghi và Đường Hà Huy Tập, Phường Hà Huy Tập, Thành phố Hà Tĩnh, Tỉnh Hà Tĩnh, Việt Nam"
https://masothue.com/0106250673-cong-ty-tnhh-van-hanh-vincom-retail,0106250673,"Kinh doanh bất động sản, quyền sử dụng đất thuộc chủ sở hữu, chủ sử dụng hoặc đi thuê",CHI NHÁNH TẠI TỈNH TUYÊN QUANG - CÔNG TY TNHH VẬN HÀNH VINCOM RETAIL,0106250673-010,VŨ MINH PHƯỢNG,"Số 260, Đường Quang Trung, Tổ dân phố 13, Phường Phan Thiết, Thành phố Tuyên Quang, Tỉnh Tuyên Quang, Việt Nam"
https://masothue.com/0106250673-cong-ty-tnhh-van-hanh-vincom-retail,0106250673,"Kinh doanh bất động sản, quyền sử dụng đất thuộc chủ sở hữu, chủ sử dụng hoặc đi thuê",CHI NHÁNH TẠI TỈNH NGHỆ AN - CÔNG TY TNHH VẬN HÀNH VINCOM RETAIL,0106250673-011,VŨ MINH PHƯỢNG,"Trung tâm VIncom+ Nam Đàn, Nghệ An, Xã Nam Nghĩa, Huyện Nam Đàn, Tỉnh Nghệ An, Việt Nam"
https://masothue.com/0106250673-cong-ty-tnhh-van-hanh-vincom-retail,0106250673,"Kinh doanh bất động sản, quyền sử dụng đất thuộc chủ sở hữu, chủ sử dụng hoặc đi thuê",CHI NHÁNH TẠI TỈNH HÀ GIANG – CÔNG TY TNHH VẬN HÀNH VINCOM RETAIL,0106250673-012,DƯƠNG HÀ MY,"Vincom Plaza Hà Giang – Khu trung tâm thương mại, khách sạn và nhà ở thương mại Hà Giang, Phường Trần Phú, Thành Phố Hà Giang, Tỉnh Hà Giang, Việt Nam"
https://masothue.com/0106250673-cong-ty-tnhh-van-hanh-vincom-retail,0106250673,"Kinh doanh bất động sản, quyền sử dụng đất thuộc chủ sở hữu, chủ sử dụng hoặc đi thuê",CHI NHÁNH TẠI TỈNH KHÁNH HÒA - CÔNG TY TNHH VẬN HÀNH VINCOM RETAIL,0106250673-013,VŨ MINH PHƯỢNG,"60 Thái Nguyên, Phường Phương Sài, Thành phố Nha Trang, Tỉnh Khánh Hòa, Việt Nam"
https://masothue.com/0106250673-cong-ty-tnhh-van-hanh-vincom-retail,0106250673,"Kinh doanh bất động sản, quyền sử dụng đất thuộc chủ sở hữu, chủ sử dụng hoặc đi thuê",CHI NHÁNH TẠI TỈNH KIÊN GIANG - CÔNG TY TNHH VẬN HÀNH VINCOM RETAIL,0106250673-014,VŨ MINH PHƯỢNG,"Lô A12, Khu phố 1, đường Cô Bắc, Phường Vĩnh Bảo, Thành phố Rạch Giá, Tỉnh Kiên Giang, Việt Nam"
https://masothue.com/0106250673-cong-ty-tnhh-van-hanh-vincom-retail,0106250673,"Kinh doanh bất động sản, quyền sử dụng đất thuộc chủ sở hữu, chủ sử dụng hoặc đi thuê",CHI NHÁNH TẠI TỈNH TRÀ VINH - CÔNG TY TNHH VẬN HÀNH VINCOM RETAIL,0106250673-015,VŨ MINH PHƯỢNG,"Số 24 Đường Nguyễn Thị Minh Khai, Khóm 3, Phường 2, Thành phố Trà Vinh, Tỉnh Trà Vinh, Việt Nam"
https://masothue.com/0106250673-cong-ty-tnhh-van-hanh-vincom-retail,0106250673,"Kinh doanh bất động sản, quyền sử dụng đất thuộc chủ sở hữu, chủ sử dụng hoặc đi thuê",CHI NHÁNH TẠI TỈNH PHÚ YÊN - CÔNG TY TNHH VẬN HÀNH VINCOM RETAIL,0106250673-016,VŨ MINH PHƯỢNG,"Góc Đông Bắc ngã tư đường Hùng Vương và đường Trần Phú, Phường 7, TP Tuy Hoà, Tỉnh Phú Yên, Việt Nam"
https://masothue.com/0106250673-cong-ty-tnhh-van-hanh-vincom-retail,0106250673,"Kinh doanh bất động sản, quyền sử dụng đất thuộc chủ sở hữu, chủ sử dụng hoặc đi thuê",CHI NHÁNH TẠI TỈNH LÂM ĐỒNG - CÔNG TY TNHH VẬN HÀNH VINCOM RETAIL,0106250673-017,VŨ MINH PHƯỢNG,"Số 83 Lê Hồng Phong, Phường 1, Thành phố Bảo Lộc, Tỉnh Lâm Đồng, Việt Nam"
https://masothue.com/0106250673-cong-ty-tnhh-van-hanh-vincom-retail,0106250673,"Kinh doanh bất động sản, quyền sử dụng đất thuộc chủ sở hữu, chủ sử dụng hoặc đi thuê",CHI NHÁNH TẠI TỈNH NINH THUẬN - CÔNG TY TNHH VẬN HÀNH VINCOM RETAIL,0106250673-018,VŨ MINH PHƯỢNG,"Số 122 đường 16/4, Phường Mỹ Hải, TP. Phan Rang-Tháp Chàm, Tỉnh Ninh Thuận, Việt Nam"
https://masothue.com/0106250673-cong-ty-tnhh-van-hanh-vincom-retail,0106250673,"Kinh doanh bất động sản, quyền sử dụng đất thuộc chủ sở hữu, chủ sử dụng hoặc đi thuê",CHI NHÁNH TẠI TỈNH VĨNH LONG - CÔNG TY TNHH VẬN HÀNH VINCOM RETAIL,0106250673-019,VŨ MINH PHƯỢNG,"Số 55 đường Phạm Thái Bường, Phường 4, Thành phố Vĩnh Long, Tỉnh Vĩnh Long, Việt Nam"
https://masothue.com/0106250673-cong-ty-tnhh-van-hanh-vincom-retail,0106250673,"Kinh doanh bất động sản, quyền sử dụng đất thuộc chủ sở hữu, chủ sử dụng hoặc đi thuê",CHI NHÁNH TẠI TỈNH AN GIANG - CÔNG TY TNHH VẬN HÀNH VINCOM RETAIL,0106250673-020,VŨ MINH PHƯỢNG,"Trung Tâm Thương Mại Vincom Long Xuyên – An Giang, Phường Mỹ Bình, Thành phố Long Xuyên , Tỉnh An Giang, Việt Nam"
https://masothue.com/0106250673-cong-ty-tnhh-van-hanh-vincom-retail,0106250673,"Kinh doanh bất động sản, quyền sử dụng đất thuộc chủ sở hữu, chủ sử dụng hoặc đi thuê",CHI NHÁNH TẠI THÀNH PHỐ HỒ CHÍ MINH - CÔNG TY TNHH VẬN HÀNH VINCOM RETAIL,0106250673-021,VŨ MINH PHƯỢNG,"Tầng 20, L20A Vincom Center Đồng Khởi, 72 Lê Thánh Tôn và 45A Lý Tự Trọng, Phường Bến Nghé, Quận 1, Thành phố Hồ Chí Minh, Việt Nam"
https://masothue.com/0106250673-cong-ty-tnhh-van-hanh-vincom-retail,0106250673,"Kinh doanh bất động sản, quyền sử dụng đất thuộc chủ sở hữu, chủ sử dụng hoặc đi thuê",CHI NHÁNH TẠI THÀNH PHỐ CẦN THƠ - CÔNG TY TNHH VẬN HÀNH VINCOM RETAIL,0106250673-022,VŨ MINH PHƯỢNG,"Trung tâm thương mại Vincom Plaza, Số 209, Đường 30/4, Phường Xuân Khánh, Quận Ninh Kiều, Thành phố Cần Thơ, Việt Nam"
https://masothue.com/0106250673-cong-ty-tnhh-van-hanh-vincom-retail,0106250673,"Kinh doanh bất động sản, quyền sử dụng đất thuộc chủ sở hữu, chủ sử dụng hoặc đi thuê",CHI NHÁNH TẠI TỈNH AN GIANG - CÔNG TY TNHH VẬN HÀNH VINCOM RETAIL,0106250673-023,DƯƠNG HÀ MY,"Trung Tâm Thương Mại Vincom Long Xuyên – An Giang, Phường Mỹ Bình, Thành phố Long Xuyên , Tỉnh An Giang, Việt Nam"
https://masothue.com/0106250673-cong-ty-tnhh-van-hanh-vincom-retail,0106250673,"Kinh doanh bất động sản, quyền sử dụng đất thuộc chủ sở hữu, chủ sử dụng hoặc đi thuê",CHI NHÁNH TẠI THÀNH PHỐ ĐÀ NẴNG - CÔNG TY TNHH VẬN HÀNH VINCOM RETAIL,0106250673-024,VŨ MINH PHƯỢNG,"Vincom Plaza Ngô Quyền, Đà Nẵng, Số 910A Ngô Quyền, Phường An Hải Bắc, Quận Sơn Trà, Thành phố Đà Nẵng, Việt Nam"
https://masothue.com/0106250673-cong-ty-tnhh-van-hanh-vincom-retail,0106250673,"Kinh doanh bất động sản, quyền sử dụng đất thuộc chủ sở hữu, chủ sử dụng hoặc đi thuê",CHI NHÁNH TẠI TỈNH ĐẮK LẮK - CÔNG TY TNHH VẬN HÀNH VINCOM RETAIL,0106250673-025,VŨ MINH PHƯỢNG,"Số 78 Lý Thường Kiệt, Phường Thắng Lợi, TP.Buôn Ma Thuột, Tỉnh Đắk Lắk, Việt Nam"
https://masothue.com/0106250673-cong-ty-tnhh-van-hanh-vincom-retail,0106250673,"Kinh doanh bất động sản, quyền sử dụng đất thuộc chủ sở hữu, chủ sử dụng hoặc đi thuê",CHI NHÁNH TẠI TỈNH ĐỒNG NAI - CÔNG TY TNHH VẬN HÀNH VINCOM RETAIL,0106250673-026,VŨ MINH PHƯỢNG,"Số 1096, Đường Phạm Văn Thuận, KP 2, Phường Tân Mai, Thành phố Biên Hoà, Tỉnh Đồng Nai, Việt Nam"
https://masothue.com/0106250673-cong-ty-tnhh-van-hanh-vincom-retail,0106250673,"Kinh doanh bất động sản, quyền sử dụng đất thuộc chủ sở hữu, chủ sử dụng hoặc đi thuê",CHI NHÁNH TẠI TỈNH HẬU GIANG - CÔNG TY TNHH VẬN HÀNH VINCOM RETAIL,0106250673-027,VŨ MINH PHƯỢNG,"Số 1 Đường 3 tháng 2, Khu vực 3, Phường V, Thành phố Vị Thanh, Tỉnh Hậu Giang, Việt Nam"
https://masothue.com/0106250673-cong-ty-tnhh-van-hanh-vincom-retail,0106250673,"Kinh doanh bất động sản, quyền sử dụng đất thuộc chủ sở hữu, chủ sử dụng hoặc đi thuê",CHI NHÁNH TẠI TỈNH BẠC LIÊU - CÔNG TY TNHH VẬN HÀNH VINCOM RETAIL,0106250673-028,VŨ MINH PHƯỢNG,"Trung Tâm Thương Mại Vincom Bạc Liêu, Khóm 1, Phường 3, Thành phố Bạc Liêu, Tỉnh Bạc Liêu, Việt Nam"
https://masothue.com/0317162962-cong-ty-co-phan-vincom-retail-landmark-81,0317162962,"Kinh doanh bất động sản, quyền sử dụng đất thuộc chủ sở hữu, chủ sử dụng hoặc đi thuê",,,,
https://masothue.com/0108823337-cong-ty-tnhh-mot-thanh-vien-quan-ly-thiet-bi-xay-dung-phuc-hung,0108823337,"Bán buôn máy móc, thiết bị và phụ tùng máy khác",,,,
https://masothue.com/2700893320-cong-ty-tnhh-dau-tu-phk,2700893320,Gia công cơ khí; xử lý và tráng phủ kim loại,,,,
https://masothue.com/2902130579-cong-ty-tnhh-dau-tu-dia-oc-an-thinh-phat,2902130579,"Kinh doanh bất động sản, quyền sử dụng đất thuộc chủ sở hữu, chủ sử dụng hoặc đi thuê",,,,
https://masothue.com/4601568669-cong-ty-tnhh-dau-tu-do-thi-van-phu,4601568669,Xây dựng công trình kỹ thuật dân dụng khác,,,,
https://masothue.com/2601078389-cong-ty-tnhh-khu-do-thi-trang-thi-quang-huc,2601078389,"Kinh doanh bất động sản, quyền sử dụng đất thuộc chủ sở hữu, chủ sử dụng hoặc đi thuê",,,,
https://masothue.com/2902137616-cong-ty-tnhh-mot-thanh-vien-trang-thi-nghe-an,2902137616,Dịch vụ lưu trú ngắn ngày,,,,
https://masothue.com/0101510896-cong-ty-tnhh-truyen-thong-bao-minh,0101510896,Quảng cáo,,,,
https://masothue.com/0103921588-cong-ty-tnhh-tu-van-tai-chinh-va-quan-tri-kinh-doanh-deloitte-viet-nam,0103921588,"Hoạt động liên quan đến kế toán, kiểm toán và tư vấn về thuế",CHI NHÁNH CÔNG TY TNHH TƯ VẤN TÀI CHÍNH VÀ QUẢN TRỊ KINH DOANH DELOITTE VIỆT NAM,0103921588-001,PHAN VŨ HOÀNG,"Tầng 18 Tòa nhà Times Square, 57-69F đường Đồng Khởi, Phường Bến Nghé, Quận 1, Thành phố Hồ Chí Minh, Việt Nam"
https://masothue.com/0106174535-cong-ty-tnhh-phat-trien-nguon-nhan-luc-deloitte-viet-nam,0106174535,Cung ứng và quản lý nguồn lao động,CHI NHÁNH CÔNG TY TNHH PHÁT TRIỂN NGUỒN NHÂN LỰC DELOITTE VIỆT NAM,0106174535-001,VÕ THÁI HOÀ,"Tầng 18 Tòa nhà Times Square, 57-69F Đường Đồng Khởi, Phường Bến Nghé, Quận 1, Thành phố Hồ Chí Minh, Việt Nam"
https://masothue.com/0109518128-cong-ty-tnhh-dich-vu-ke-toan-va-giai-phap-doanh-nghiep-deloitte-viet-nam,0109518128,"Hoạt động liên quan đến kế toán, kiểm toán và tư vấn về thuế",CHI NHÁNH CÔNG TY TNHH DỊCH VỤ KẾ TOÁN VÀ GIẢI PHÁP DOANH NGHIỆP DELOITTE VIỆT NAM,0109518128-001,PHAN VŨ HOÀNG,"Tầng 18, Tòa nhà Times Square, 57-69F Đồng Khởi, Phường Bến Nghé, Quận 1, Thành phố Hồ Chí Minh, Việt Nam"
https://masothue.com/0311841502-cong-ty-tnhh-tu-van-dau-tu-va-phat-trien-mesa,0311841502,"Sản xuất món ăn, thức ăn chế biến sẵn",,,,
https://masothue.com/0314891075-cong-ty-tnhh-cong-nghe-dieu-anh,0314891075,Lập trình máy vi tính,,,,
https://masothue.com/0314931715-cong-ty-tnhh-nha-hang-sheng-kee-mesa,0314931715,Nhà hàng và các dịch vụ ăn uống phục vụ lưu động,,,,
https://masothue.com/0314936992-cong-ty-tnhh-nha-hang-hill-street-mesa,0314936992,Nhà hàng và các dịch vụ ăn uống phục vụ lưu động,,,,
https://masothue.com/0315015835-cong-ty-tnhh-nha-hang-universal-dining-mesa,0315015835,Nhà hàng và các dịch vụ ăn uống phục vụ lưu động,,,,
https://masothue.com/0315113631-cong-ty-tnhh-nha-hang-peach-garden-mesa,0315113631,Nhà hàng và các dịch vụ ăn uống phục vụ lưu động,,,,
https://masothue.com/3001791938-cong-ty-tnhh-phu-son-tc,3001791938,Chăn nuôi lợn,,,,
https://masothue.com/3002181438-cong-ty-tnhh-dau-tu-va-phat-trien-bio-farm,3002181438,Bán buôn thực phẩm,,,,
https://masothue.com/3600953803-cong-ty-tnhh-dai-thanh-loc,3600953803,Bán buôn ô tô và xe có động cơ khác,CHI NHÁNH CÔNG TY TNHH ĐẠI THÀNH LỘC KHU VỰC MIỀN TRUNG,3600953803-001,NGUYỄN HỮU ĐẢM,"Số 405, tầng 4, nhà A, tòa nhà Tecco, Phường Quang Trung, Thành phố Vinh, Tỉnh Nghệ An, Việt Nam"
https://masothue.com/0102064683-cong-ty-tnhh-lien-doanh-somerset-hoa-binh,0102064683,"Kinh doanh bất động sản, quyền sử dụng đất thuộc chủ sở hữu, chủ sử dụng hoặc đi thuê",,,,
https://masothue.com/0103621915-cong-ty-tnhh-mot-thanh-vien-dich-vu-bao-ve-thuong-binh-hoa-binh,0103621915,Hoạt động bảo vệ cá nhân,,,,
https://masothue.com/3601640426-cong-ty-tnhh-benh-vien-da-khoa-tam-hong-phuoc,3601640426,"Hoạt động của các bệnh viện, trạm xá",,,,
https://masothue.com/0400431385-cong-ty-tnhh-san-xuat-va-thuong-mai-chanh-nguyen,0400431385,Sản xuất sản phẩm khác bằng kim loại chưa được phân vào đâu,,,,
https://masothue.com/0401590324-cong-ty-tnhh-ong-thep-hoa-phat-da-nang,0401590324,"Sản xuất sắt, thép, gang",,,,
https://masothue.com/0900233014-cong-ty-tnhh-thep-can-nguoi-hoa-phat,0900233014,Khác,,,,
https://masothue.com/1101797369-cong-ty-tnhh-mtv-ong-thep-hoa-phat-long-an,1101797369,"Sản xuất sắt, thép, gang",VĂN PHÒNG ĐẠI DIỆN CÔNG TY TNHH MTV ỐNG THÉP HÒA PHÁT LONG AN,1101797369-001,NGUYỄN VĂN TUẤN,"22 Võ Văn Kiệt, Phường Nguyễn Thái Bình, Quận 1, Thành phố Hồ Chí Minh, Việt Nam"
https://masothue.com/3700906187-cong-ty-tnhh-mot-thanh-vien-ong-thep-hoa-phat-binh-duong,3700906187,Sản xuất sản phẩm khác bằng kim loại chưa được phân vào đâu,VĂN PHÒNG ĐẠI DIỆN CÔNG TY TNHH MỘT THÀNH VIÊN ỐNG THÉP HÒA PHÁT BÌNH DƯƠNG.,3700906187-001,NGUYỄN VĂN TUẤN,"Số 641 - 643 Điện Biên Phủ, Phường 25, Quận Bình Thạnh, Thành phố Hồ Chí Minh, Việt Nam"
https://masothue.com/2300273548-cong-ty-tnhh-dau-tu-phat-trien-cong-nghe-duoc-pham-dong-a,2300273548,"Sản xuất thuốc, hoá dược và dược liệu",,,,
https://masothue.com/0200519868-cong-ty-trach-nhiem-huu-han-long-hai-thanh,0200519868,Vận tải hàng hóa bằng đường bộ,,,,
https://masothue.com/0900722287-cong-ty-tnhh-dien-may-viet-han,0900722287,"Đại lý, môi giới, đấu giá",,,,
https://masothue.com/0100736347-003-cong-ty-tnhh-mot-thanh-vien-sino-viet-nam,0100736347-003,"Sản xuất dây cáp, sợi cáp quang học",CÔNG TY TNHH XUÂN LỘC THỌ,0100736347,TRẦN THỊ THU HÀ,"Số 51, ngõ 258, phố Tân Mai, Phường Thịnh Liệt, Quận Hoàng Mai, Thành phố Hà Nội, Việt Nam"
https://masothue.com/0100736347-003-cong-ty-tnhh-mot-thanh-vien-sino-viet-nam,0100736347-003,"Sản xuất dây cáp, sợi cáp quang học",SÀN GIAO DỊCH BẤT ĐỘNG SẢN XUÂN LỘC THỌ - CÔNG TY TNHH XUÂN LỘC THỌ,0100736347-006,NGUYỄN HOÀNG CƯỜNG,"Số 27 Nguyễn Công Trứ, Phường Đồng Nhân, Quận Hai Bà Trưng, Thành phố Hà Nội, Việt Nam"
https://masothue.com/1800805372-cong-ty-tnhh-mtv-quan-ly-no-va-khai-thac-tai-san-ngan-hang-tmcp-dai-chung-viet-nam,1800805372,Hoạt động công ty nắm giữ tài sản,CÔNG TY TNHH MTV QUẢN LÝ NỢ VÀ KHAI THÁC TÀI SẢN NGÂN HÀNG TMCP PHƯƠNG TÂY CHI NHÁNH HÀ NỘI,1800805372-003,NINH QUANG NGỌC,"Số 478 Xã Đàn, Phường Nam Đồng, Quận Đống Đa, Thành phố Hà Nội, Việt Nam"
https://masothue.com/1800805372-cong-ty-tnhh-mtv-quan-ly-no-va-khai-thac-tai-san-ngan-hang-tmcp-dai-chung-viet-nam,1800805372,Hoạt động công ty nắm giữ tài sản,CÔNG TY TNHH MỘT THÀNH VIÊN QUẢN LÝ NỢ VÀ KHAI THÁC TÀI SẢN NGÂN HÀNG THƯƠNG MẠI CỔ PHẦN ĐẠI CHÚNG VIỆT NAM - CHI NHÁNH MIỀN NAM,1800805372-004,ĐẶNG QUỐC LONG,"Số 203 Đại lộ Bình Dương, Phường Phú Thọ, Thành phố Thủ Dầu Một, Tỉnh Bình Dương, Việt Nam"
https://masothue.com/1800805372-cong-ty-tnhh-mtv-quan-ly-no-va-khai-thac-tai-san-ngan-hang-tmcp-dai-chung-viet-nam,1800805372,Hoạt động công ty nắm giữ tài sản,CÔNG TY TNHH MTV QUẢN LÝ NỢ VÀ KHAI THÁC TÀI SẢN NGÂN HÀNG TMCP ĐẠI CHÚNG VIỆT NAM - CHI NHÁNH MIỀN TRUNG,1800805372-005,THÁI NGỌC QUANG,"Tầng 9, Tòa nhà dầu khí, đường 30.4, Phường Hoà Cường Bắc, Quận Hải Châu, Thành phố Đà Nẵng, Việt Nam"
https://masothue.com/1000401934-cong-ty-tnhh-mot-thanh-vien-xuat-nhap-khau-tong-hop-thai-binh,1000401934,Nhà hàng và các dịch vụ ăn uống phục vụ lưu động,,,,
https://masothue.com/2802202903-cong-ty-trach-nhiem-huu-han-bt-tho-xuan-nghi-son,2802202903,Hoạt động kiến trúc và tư vấn kỹ thuật có liên quan,,,,
https://masothue.com/5801233598-cong-ty-tnhh-bot-va-bt-quoc-lo-20,5801233598,Hoạt động kiến trúc và tư vấn kỹ thuật có liên quan,,,,
https://masothue.com/0106534724-cong-ty-tnhh-bot-quoc-lo-6-hoa-lac-hoa-binh,0106534724,Xây dựng công trình đường sắt và đường bộ,VĂN PHÒNG ĐẠI DIỆN - CÔNG TY TNHH BOT QUỐC LỘ 6 - HÒA LẠC - HÒA BÌNH,0106534724-001,Bùi Quang Bát,"Tầng 6, tòa nhà Tổng Công ty 36, số 26, phố Cầu Tiên, Phường Thịnh Liệt, Quận Hoàng Mai, Thành phố Hà Nội, Việt Nam"
https://masothue.com/0304680974-cong-ty-tnhh-chuyen-phat-nhanh-dhl-vnpt,0304680974,Bưu chính,CHI NHÁNH ĐỒNG NAI - CÔNG TY TRÁCH NHIỆM HỮU HẠN CHUYỂN PHÁT NHANH DHL-VNPT.,0304680974-001,HOÀNG VIỆT DŨNG,"Số 1, Đường 2A, KCN Biên Hòa II, Phường An Bình, Thành phố Biên Hoà, Tỉnh Đồng Nai, Việt Nam"
https://masothue.com/0304680974-cong-ty-tnhh-chuyen-phat-nhanh-dhl-vnpt,0304680974,Bưu chính,CHI NHÁNH CÔNG TY TNHH CHUYỂN PHÁT NHANH DHL-VNPT,0304680974-002,NGUYỄN HOÀI LINH,"Số 17 đường Phạm Hùng, Phường Mỹ Đình 2, Quận Nam Từ Liêm, Thành phố Hà Nội, Việt Nam"
https://masothue.com/0304680974-cong-ty-tnhh-chuyen-phat-nhanh-dhl-vnpt,0304680974,Bưu chính,CHI NHÁNH CÔNG TY TNHH CHUYỂN PHÁT NHANH DHL - VNPT TẠI BÌNH DƯƠNG,0304680974-003,HOÀNG VIỆT DŨNG,"Số 169/66, đường 30 tháng 4, tổ 98, khu 2, Phường Phú Thọ, Thành phố Thủ Dầu Một, Tỉnh Bình Dương, Việt Nam"
https://masothue.com/0304680974-cong-ty-tnhh-chuyen-phat-nhanh-dhl-vnpt,0304680974,Bưu chính,CHI NHÁNH CÔNG TY TNHH CHUYỂN PHÁT NHANH DHL-VNPT TẠI THÀNH PHỐ ĐÀ NẴNG,0304680974-004,VÕ VĂN VINH,"Số 33 Nguyễn Du, Phường Thạch Thang, Quận Hải Châu, Thành phố Đà Nẵng, Việt Nam"
https://masothue.com/0304680974-cong-ty-tnhh-chuyen-phat-nhanh-dhl-vnpt,0304680974,Bưu chính,CHI NHÁNH CÔNG TY TNHH CHUYỂN PHÁT NHANH DHL-VNPT TẠI HẢI PHÒNG,0304680974-005,LƯƠNG ANH TÀI,"Cụm công nghiệp Vĩnh Niệm, Phường Vĩnh Niệm, Quận Lê Chân, Thành phố Hải Phòng, Việt Nam"
https://masothue.com/0304680974-cong-ty-tnhh-chuyen-phat-nhanh-dhl-vnpt,0304680974,Bưu chính,CHI NHÁNH CÔNG TY TNHH CHUYỂN PHÁT NHANH DHL-VNPT TẠI LONG AN,0304680974-006,HOÀNG VIỆT DŨNG,"Thửa đất số 714, ấp Rừng Sến, Xã Mỹ Hạnh Bắc, Huyện Đức Hoà, Tỉnh Long An, Việt Nam"
https://masothue.com/0304680974-cong-ty-tnhh-chuyen-phat-nhanh-dhl-vnpt,0304680974,Bưu chính,CHI NHÁNH CÔNG TY TNHH CHUYỂN PHÁT NHANH DHL - VNPT,0304680974-007,HOÀNG VIỆT DŨNG,"330 Nguyễn An Ninh, Phường 7, Thành phố Vũng Tàu, Tỉnh Bà Rịa - Vũng Tàu, Việt Nam"
https://masothue.com/0304680974-cong-ty-tnhh-chuyen-phat-nhanh-dhl-vnpt,0304680974,Bưu chính,CHI NHÁNH CÔNG TY TNHH CHUYỂN PHÁT NHANH DHL - VNPT TẠI ĐÔNG HÀ NỘI,0304680974-008,NGUYỄN HOÀI LINH,"Số 1 Huỳnh Tấn Phát, Khu Công Nghiệp Sài Đồng B, Phường Thạch Bàn, Quận Long Biên, Thành phố Hà Nội, Việt Nam"
https://masothue.com/0304680974-cong-ty-tnhh-chuyen-phat-nhanh-dhl-vnpt,0304680974,Bưu chính,TRẠM TRUNG CHUYỂN HẢI PHÒNG,0304680974-009,Shoeib Reza Choudhury,552 Nguyễn Văn Linh - - Quận Lê Chân - Hải Phòng.
https://masothue.com/0304680974-cong-ty-tnhh-chuyen-phat-nhanh-dhl-vnpt,0304680974,Bưu chính,CHI NHÁNH ĐỒNG NAI,0304680974-010,Shoeib Reza Choudhury,KCN Biên Hoà II - Phường Long Bình Tân - Thành phố Biên Hoà - Đồng Nai.
https://masothue.com/0200125285-cong-ty-trach-nhiem-huu-han-thuy-tinh-san-miguel-yamamura-hai-phong,0200125285,Sản xuất thuỷ tinh và sản phẩm từ thuỷ tinh,,,,
https://masothue.com/0100113494-cong-ty-tnhh-quoc-te-vinata,0100113494,Xây dựng nhà không để ở,CÔNG TY TNHH QUỐC TẾ VINATA - CHI NHÁNH TP. HỒ CHÍ MINH,0100113494-001,KOJI OTA,"Tầng 7, Tòa nhà VCCI, số 171, đường Võ Thị Sáu, Phường Võ Thị Sáu, Quận 3, Thành phố Hồ Chí Minh, Việt Nam"
https://masothue.com/0100113494-cong-ty-tnhh-quoc-te-vinata,0100113494,Xây dựng nhà không để ở,KHO,0100113494-002,Yoshio Nakata,Tổ 9 Khu Phố 3 - Phường Long Bình Tân - Thành phố Biên Hoà - Đồng Nai.
https://masothue.com/0104315477-cong-ty-tnhh-dau-tu-kinh-doanh-phat-trien-do-thi-tay-ha-noi,0104315477,Khác,,,,
https://masothue.com/0107926315-cong-ty-tnhh-mot-thanh-vien-vinaconex-xay-dung,0107926315,Xây dựng công trình kỹ thuật dân dụng khác,,,,
https://masothue.com/3101086048-cong-ty-tnhh-phat-trien-ha-tang-do-thi-vinh-phuc,3101086048,"Kinh doanh bất động sản, quyền sử dụng đất thuộc chủ sở hữu, chủ sử dụng hoặc đi thuê",,,,
https://masothue.com/3603824115-cong-ty-tnhh-be-tong-nhua-vinaconex-tan-loc,3603824115,Sản xuất bê tông và các sản phẩm từ xi măng và thạch cao,,,,
https://masothue.com/2300523477-cong-ty-tnhh-may-va-thuong-mai-viet-thanh,2300523477,May trang phục (trừ trang phục từ da lông thú),,,,
https://masothue.com/0109467561-cong-ty-tnhh-pvchem-tech,0109467561,"Hoạt động chuyên môn, khoa học và công nghệ khác chưa được phân vào đâu",CÔNG TY TNHH PVCHEM - TECH - VĂN PHÒNG ĐẠI DIỆN TẠI NGHI SƠN,0109467561-001,ĐINH QUỐC DƯƠNG,"Khu công nghiệp 1, Khu kinh tế Nghi Sơn, Phường Mai Lâm, Thị xã Nghi Sơn, Tỉnh Thanh Hoá, Việt Nam"
https://masothue.com/5701859776-cong-ty-tnhh-mot-thanh-vien-dau-tu-va-xay-dung-licogi-2,5701859776,Hoạt động xây dựng chuyên dụng khác,,,,
https://masothue.com/0102594320-cong-ty-co-phan-phat-trien-ha-tang-cong-nghiep-san-xuat-kinh-doanh-det-may-viet-nam,0102594320,"Kinh doanh bất động sản, quyền sử dụng đất thuộc chủ sở hữu, chủ sử dụng hoặc đi thuê",CHI NHÁNH TP. HỒ CHÍ MINH CÔNG TY CỔ PHẦN PHÁT TRIỂN HẠ TẦNG CÔNG NGHIỆP & SẢN XUẤT KINH DOANH DỆT MAY VIỆT NAM,0102594320-001,LÊ HỒNG THANH,"44 Đinh Tiên Hoàng, Phường 1, Quận Bình Thạnh, Thành phố Hồ Chí Minh, Việt Nam"
https://masothue.com/0102594320-cong-ty-co-phan-phat-trien-ha-tang-cong-nghiep-san-xuat-kinh-doanh-det-may-viet-nam,0102594320,"Kinh doanh bất động sản, quyền sử dụng đất thuộc chủ sở hữu, chủ sử dụng hoặc đi thuê",CHI NHÁNH HÀ NỘI - CÔNG TY CỔ PHẦN PHÁT TRIỂN HẠ TẦNG CÔNG NGHIỆP & SẢN XUẤT KINH DOANH DỆT MAY VIỆT NAM,0102594320-002,LÊ HỒNG THANH,"Số 191 đường Âu Cơ, Phường Quảng An, Quận Tây Hồ, Thành phố Hà Nội, Việt Nam"
https://masothue.com/0102594320-cong-ty-co-phan-phat-trien-ha-tang-cong-nghiep-san-xuat-kinh-doanh-det-may-viet-nam,0102594320,"Kinh doanh bất động sản, quyền sử dụng đất thuộc chủ sở hữu, chủ sử dụng hoặc đi thuê",CHI NHÁNH LIÊN DOANH VITC - BERWIN CÔNG TY CỔ PHẦN PHÁT TRIỂN HẠ TẦNG CÔNG NGHIỆP & SẢN XUẤT KINH DOANH DỆT MAY VIỆT NAM,0102594320-003,TRẦN THỊ THUÝ HƯỜNG,"18 Tăng Nhơn Phú, Phường Phước Long B, Quận 9, Thành phố Hồ Chí Minh, Việt Nam"
https://masothue.com/0109484006-cong-ty-tnhh-thuong-mai-dich-vu-va-thoi-trang-may-10,0109484006,"Bán buôn vải, hàng may sẵn, giày dép",,,,
https://masothue.com/0300626775-cong-ty-tnhh-mekong-auto,0300626775,Sản xuất xe có động cơ,CHI NHÁNH CÔNG TY MEKONG TẠI HÀ NỘI,0300626775-001,KUNIHIRO ONISHI,cổ loa - - Huyện Đông Anh - Hà Nội.
https://masothue.com/0300626775-cong-ty-tnhh-mekong-auto,0300626775,Sản xuất xe có động cơ,TRUNG TÂM BẢO HÀNH BẢO TRÌ Ô TÔ MEKONG ĐÀ NẴNG,0300626775-002,KUNIHIRO ONISHI,D6 Đường 2 tháng 9 - - Quận Hải Châu - Đà Nẵng.
https://masothue.com/0300626775-cong-ty-tnhh-mekong-auto,0300626775,Sản xuất xe có động cơ,PHÒNG TRƯNG BÀY XE HƠI MEKONG CẦN THƠ,0300626775-003,Nguyễn Hoàng Trang,103 Nguyễn Trãi - - Thành phố Cần Thơ - Cần Thơ.
https://masothue.com/0300626775-cong-ty-tnhh-mekong-auto,0300626775,Sản xuất xe có động cơ,CHI NHÁNH CÔNG TY TNHH MEKONG AUTO,0300626775-004,NGÔ NHẬT THÁI,"Km 25, Quốc lộ 3, Xã Nguyên Khê, Huyện Đông Anh, Thành phố Hà Nội, Việt Nam"
https://masothue.com/2500150335-cong-ty-o-to-toyota-viet-nam,2500150335,Sản xuất xe có động cơ,CHI NHÁNH CÔNG TY Ô TÔ TOYOTA VIỆT NAM,2500150335-001,TAM CHUNG SENG,"Văn phòng 2, Tầng 10, Tòa nhà Pearl Plaza, Số 561A, đường Điện Biên Phủ, Phường 25, Quận Bình Thạnh, Thành phố Hồ Chí Minh, Việt Nam"
https://masothue.com/2500150335-cong-ty-o-to-toyota-viet-nam,2500150335,Sản xuất xe có động cơ,CHI NHÁNH CÔNG TY Ô TÔ TOYOTA VIỆT NAM TẠI HÀ NỘI,2500150335-002,KEISUKE TOKUNAGA,"Tầng 8, Trung tâm Lotte Hà Nội, số 54 Liễu Giai, Phường Cống Vị, Quận Ba Đình, Thành phố Hà Nội, Việt Nam"
https://masothue.com/2500150335-cong-ty-o-to-toyota-viet-nam,2500150335,Sản xuất xe có động cơ,CHI NHÁNH CÔNG TY TOYOTA VIỆT NAM,2500150335-003,MaKoTo Sasagawa,Xã Phúc thắng - - Thành phố Phúc Yên - Vĩnh Phúc.
https://masothue.com/2500150335-cong-ty-o-to-toyota-viet-nam,2500150335,Sản xuất xe có động cơ,CHI NHÁNH CÔNG TY Ô TÔ TOYOTA VIỆT NAM TẠI BÌNH DƯƠNG,2500150335-004,TAM CHUNG SENG,"Số 32A Đại lộ Hữu Nghị, Khu công nghiệp Việt Nam - Singapore, Phường Bình Hòa, Thành phố Thuận An, Tỉnh Bình Dương, Việt Nam"
https://masothue.com/2500150543-cong-ty-honda-viet-nam,2500150543,"Sản xuất mô tô, xe máy",CHI NHÁNH CÔNG TY HONDA VIỆT NAM TẠI THÀNH PHỐ HỒ CHÍ MINH,2500150543-001,MOTOFUMI MARUTANI,"54-56 đường Nguyễn Trãi, Phường Bến Thành, Quận 1, Thành phố Hồ Chí Minh, Việt Nam"
https://masothue.com/2500150543-cong-ty-honda-viet-nam,2500150543,"Sản xuất mô tô, xe máy",CHI NHÁNH CÔNG TY HONDA VIỆT NAM TẠI HÀ NAM,2500150543-002,HAYATO SEGUCHI,"Khu công nghiệp Đồng Văn II, Phường Duy Minh, Thị xã Duy Tiên, Tỉnh Hà Nam, Việt Nam"
https://masothue.com/2500150543-cong-ty-honda-viet-nam,2500150543,"Sản xuất mô tô, xe máy",VĂN PHÒNG ĐẠI DIỆN CÔNG TY HONDA VIỆT NAM TẠI HÀ NỘI,2500150543-003,Daiki Mihara,"Số 1 đường Thái Hà , Phường Trung Liệt, Quận Đống Đa, Thành phố Hà Nội, Việt Nam"
https://masothue.com/3601330939-cong-ty-tnhh-mot-thanh-vien-dong-co-va-may-nong-nghiep-mien-nam,3601330939,Khác,,,,
https://masothue.com/0100145961-cong-ty-tnhh-cao-oc-a-chau,0100145961,"Kinh doanh bất động sản, quyền sử dụng đất thuộc chủ sở hữu, chủ sử dụng hoặc đi thuê",,,,
https://masothue.com/0109903289-cong-ty-tnhh-mot-thanh-vien-xuat-nhap-khau-hapro,0109903289,Hoạt động dịch vụ hỗ trợ kinh doanh khác còn lại chưa được phân vào đâu,,,,
https://masothue.com/0100112596-cong-ty-tnhh-phat-trien-giang-vo,0100112596,"Kinh doanh bất động sản, quyền sử dụng đất thuộc chủ sở hữu, chủ sử dụng hoặc đi thuê",,,,
https://masothue.com/0100113208-cong-ty-tnhh-kcc-hanoi-plaza,0100113208,Dịch vụ lưu trú ngắn ngày,,,,
https://masothue.com/3200685620-cong-ty-co-phan-nang-luong-gelex-quang-tri,3200685620,Truyền tải và phân phối điện,,,,
https://masothue.com/0100113141-cong-ty-tnhh-quoc-te-ho-tay,0100113141,Dịch vụ lưu trú ngắn ngày,,,,
https://masothue.com/0101995707-cong-ty-tnhh-mot-thanh-vien-van-tai-vien-duong-vinashin,0101995707,Vận tải hàng hóa ven biển và viễn dương,XÍ NGHIỆP DỊCH VỤ HÀNG HẢI VINASHIN - CHI NHÁNH CÔNG TY TNHH MỘT THÀNH VIÊN VẬN TẢI VIỄN DƯƠNG VINASHIN,0101995707-001,ĐỖ DŨNG,"Tầng 4, Lô CC1-I.3.1 khu đô thị mới Pháp Vân - Tứ Hiệp, Phường Hoàng Liệt, Quận Hoàng Mai, Thành phố Hà Nội, Việt Nam"
https://masothue.com/0101995707-cong-ty-tnhh-mot-thanh-vien-van-tai-vien-duong-vinashin,0101995707,Vận tải hàng hóa ven biển và viễn dương,TRUNG TÂM THUYỀN VIÊN VINASHINLINES - CHI NHÁNH CÔNG TY TNHH MỘT THÀNH VIÊN VẬN TẢI VIỄN DƯƠNG VINASHIN,0101995707-002,BÙI TRƯỜNG MẠNH,"Tầng 1, Lô CCI-I.3.1 khu đô thị mới Pháp Vân-Tứ Hiệp, Phường Hoàng Liệt, Quận Hoàng Mai, Thành phố Hà Nội, Việt Nam"
https://masothue.com/0101995707-cong-ty-tnhh-mot-thanh-vien-van-tai-vien-duong-vinashin,0101995707,Vận tải hàng hóa ven biển và viễn dương,"CHI NHÁNH CÔNG TY TNHH MỘT THÀNH VIÊN VẬN TẢI VIỄN DƯƠNG VINASHIN - CÔNG TY VẬN TẢI TÀU HÀNG KHÔ (TÊN CŨ: CHI NHÁNH CÔNG TY TNHH MỘT THÀNH VIÊN VẬN TẢI VIỄN DƯƠNG VINASHIN - CÔNG TY VẬN TẢI TÀU HÀNG KHÔ VINASHINLINES) ""CẤP LẠI MÃ SỐ DN TỪ ĐKKD",0101995707-003,LƯU VĂN TIẾN,"Tầng 6, Lô CC1-I.3.1 khu đô thị mới Pháp Vân-Tứ Hiệp, Phường Hoàng Liệt, Quận Hoàng Mai, Thành phố Hà Nội, Việt Nam"
https://masothue.com/0101995707-cong-ty-tnhh-mot-thanh-vien-van-tai-vien-duong-vinashin,0101995707,Vận tải hàng hóa ven biển và viễn dương,C.TY VẬN TẢI CONTAINER VINASHINLINES - CN C.TY TNHH MTV VẬN TẢI VIỄN DƯƠNG VINASHIN,0101995707-004,ĐẶNG QUÝ XƯƠNG,"Tầng 5, Lô CC1-I.3.1 khu Đô thị mới Pháp Vân-Tứ Hiệp, Phường Hoàng Liệt, Quận Hoàng Mai, Thành phố Hà Nội, Việt Nam"
https://masothue.com/0101995707-cong-ty-tnhh-mot-thanh-vien-van-tai-vien-duong-vinashin,0101995707,Vận tải hàng hóa ven biển và viễn dương,CÔNG TY VẬN TẢI LASHVINASHIN - CHI NHÁNH CÔNG TY TNHH MỘT THÀNH VIÊN VẬN TẢI VIỄN DƯƠNG VINASHIN,0101995707-005,BÙI TRƯỜNG MẠNH,"Tầng 7, Lô CC1-I.3.1 khu đô thị mới Pháp Vân-Tứ Hiệp, Phường Hoàng Liệt, Quận Hoàng Mai, Thành phố Hà Nội, Việt Nam"
https://masothue.com/0101995707-cong-ty-tnhh-mot-thanh-vien-van-tai-vien-duong-vinashin,0101995707,Vận tải hàng hóa ven biển và viễn dương,CHI NHÁNH TẠI THÀNH PHỐ HỒ CHÍ MINH - CÔNG TY TNHH MỘT THÀNH VIÊN VẬN TẢI VIỄN DƯƠNG VINASHIN (TP. HÀ NỘI),0101995707-006,ĐẶNG QUÝ XƯƠNG,"Số 33 Lê Quốc Hưng, Phường 12, Quận 4, Thành phố Hồ Chí Minh, Việt Nam"
https://masothue.com/0101995707-cong-ty-tnhh-mot-thanh-vien-van-tai-vien-duong-vinashin,0101995707,Vận tải hàng hóa ven biển và viễn dương,CHI NHÁNH CÔNG TY TNHH MỘT THÀNH VIÊN VẬN TẢI VIỄN DƯƠNG VINASHIN TẠI HẢI PHÒNG,0101995707-007,NGUYỄN ĐỨC TUẤN,"Tầng 4, phòng 3-4 toà nhà Thành Đạt, số 3 Lê Thánh Tông, Phường Máy Tơ, Quận Ngô Quyền, Thành phố Hải Phòng, Việt Nam"
https://masothue.com/0101995707-cong-ty-tnhh-mot-thanh-vien-van-tai-vien-duong-vinashin,0101995707,Vận tải hàng hóa ven biển và viễn dương,VPĐD CÔNG TY TẠI TP HẢI PHÒNG,0101995707-008,Nguyễn Văn Thoa,20 Hồ Xuân Hương-Hồng Bàng - - Quận Hồng Bàng - Hải Phòng.
https://masothue.com/0200906190-cong-ty-tnhh-sua-chua-tau-bien-vinalines-dong-do,0200906190,"Sửa chữa và bảo dưỡng phương tiện vận tải (trừ ô tô, mô tô, xe máy và xe có động cơ khác)",,,,
https://masothue.com/0100113938-cong-ty-tnhh-vkx,0100113938,Sản xuất thiết bị truyền thông,,,,
https://masothue.com/0106869738-tong-cong-ty-dich-vu-vien-thong-loai-hinh-cong-ty-tnhh,0106869738,"Bán buôn thiết bị và linh kiện điện tử, viễn thông",BAN KHÁCH HÀNG CÁ NHÂN - CHI NHÁNH TỔNG CÔNG TY DỊCH VỤ VIỄN THÔNG,0106869738-001,NGUYỄN MINH PHƯƠNG,"Số 216 phố Trần Duy Hưng, Phường Trung Hoà, Quận Cầu Giấy, Thành phố Hà Nội, Việt Nam"
https://masothue.com/0106869738-tong-cong-ty-dich-vu-vien-thong-loai-hinh-cong-ty-tnhh,0106869738,"Bán buôn thiết bị và linh kiện điện tử, viễn thông",TRUNG TÂM KINH DOANH VNPT - HÀ NỘI - CHI NHÁNH TỔNG CÔNG TY DỊCH VỤ VIỄN THÔNG,0106869738-002,NGUYỄN THÀNH VINH,"Số 75, phố Đinh Tiên Hoàng, Phường Tràng Tiền, Quận Hoàn Kiếm, Thành phố Hà Nội, Việt Nam"
https://masothue.com/0106869738-tong-cong-ty-dich-vu-vien-thong-loai-hinh-cong-ty-tnhh,0106869738,"Bán buôn thiết bị và linh kiện điện tử, viễn thông",TRUNG TÂM KINH DOANH VNPT - ĐÀ NẴNG - CHI NHÁNH TỔNG CÔNG TY DỊCH VỤ VIỄN THÔNG,0106869738-003,PHAN VĂN THẢO,"Số 346 đường 2/9, Phường Hoà Cường Bắc, Quận Hải Châu, Thành phố Đà Nẵng, Việt Nam"
https://masothue.com/0106869738-tong-cong-ty-dich-vu-vien-thong-loai-hinh-cong-ty-tnhh,0106869738,"Bán buôn thiết bị và linh kiện điện tử, viễn thông",BAN KHÁCH HÀNG TỔ CHỨC - DOANH NGHIỆP - CHI NHÁNH TỔNG CÔNG TY DỊCH VỤ VIỄN THÔNG,0106869738-004,ĐINH ĐỨC THỤ,"Số 216 phố Trần Duy Hưng, Phường Trung Hoà, Quận Cầu Giấy, Thành phố Hà Nội, Việt Nam"
https://masothue.com/0106869738-tong-cong-ty-dich-vu-vien-thong-loai-hinh-cong-ty-tnhh,0106869738,"Bán buôn thiết bị và linh kiện điện tử, viễn thông",TRUNG TÂM KINH DOANH VNPT THÀNH PHỐ HỒ CHÍ MINH - CHI NHÁNH TỔNG CÔNG TY DỊCH VỤ VIỄN THÔNG,0106869738-005,TRỊNH THỊ THU THẢO,"121 Pasteur, Phường Võ Thị Sáu, Quận 3, Thành phố Hồ Chí Minh, Việt Nam"
https://masothue.com/0106869738-tong-cong-ty-dich-vu-vien-thong-loai-hinh-cong-ty-tnhh,0106869738,"Bán buôn thiết bị và linh kiện điện tử, viễn thông",TRUNG TÂM KINH DOANH VNPT - VĨNH PHÚC - CHI NHÁNH TỔNG CÔNG TY DỊCH VỤ VIỄN THÔNG,0106869738-006,NGUYỄN THỊ THÚY SỰ,"Đường Kim Ngọc, Phường Ngô Quyền, Thành phố Vĩnh Yên, Tỉnh Vĩnh Phúc, Việt Nam"
https://masothue.com/0106869738-tong-cong-ty-dich-vu-vien-thong-loai-hinh-cong-ty-tnhh,0106869738,"Bán buôn thiết bị và linh kiện điện tử, viễn thông",TRUNG TÂM KINH DOANH VNPT - QUẢNG NAM - CHI NHÁNH TỔNG CÔNG TY DỊCH VỤ VIỄN THÔNG,0106869738-007,PHẠM NGỌC HIỆP,"02A Phan Bội Châu, Phường Tân Thạnh, Thành phố Tam Kỳ, Tỉnh Quảng Nam, Việt Nam"
https://masothue.com/0106869738-tong-cong-ty-dich-vu-vien-thong-loai-hinh-cong-ty-tnhh,0106869738,"Bán buôn thiết bị và linh kiện điện tử, viễn thông",TRUNG TÂM KINH DOANH VNPT - TIỀN GIANG - CHI NHÁNH TỔNG CÔNG TY DỊCH VỤ VIỄN THÔNG,0106869738-008,TRỊNH QUỐC KHÁNH,"Số 01 Lê Lợi, Phường 1, Thành phố Mỹ Tho, Tỉnh Tiền Giang, Việt Nam"
https://masothue.com/0106869738-tong-cong-ty-dich-vu-vien-thong-loai-hinh-cong-ty-tnhh,0106869738,"Bán buôn thiết bị và linh kiện điện tử, viễn thông",CHI NHÁNH TỔNG CÔNG TY DỊCH VỤ VIỄN THÔNG - TRUNG TÂM HỖ TRỢ BÁN HÀNG MIỀN TRUNG,0106869738-009,ĐẶNG VĂN HẠNH,"Số 50 đường Nguyễn Văn Linh, Phường Nam Dương, Quận Hải Châu, Thành phố Đà Nẵng, Việt Nam"
https://masothue.com/0106869738-tong-cong-ty-dich-vu-vien-thong-loai-hinh-cong-ty-tnhh,0106869738,"Bán buôn thiết bị và linh kiện điện tử, viễn thông",CÔNG TY DỮ LIỆU VNPT - CHI NHÁNH TỔNG CÔNG TY DỊCH VỤ VIỄN THÔNG,0106869738-010,NGUYỄN HIỀN KHANH,"Nhà Internet, lô 2A, làng quốc tế Thăng Long, Phường Dịch Vọng, Quận Cầu Giấy, Thành phố Hà Nội, Việt Nam"
https://masothue.com/0106869738-tong-cong-ty-dich-vu-vien-thong-loai-hinh-cong-ty-tnhh,0106869738,"Bán buôn thiết bị và linh kiện điện tử, viễn thông",CHI NHÁNH TỔNG CÔNG TY DỊCH VỤ VIỄN THÔNG - TRUNG TÂM HỖ TRỢ BÁN HÀNG MIỀN NAM,0106869738-011,TRẦN MINH DŨNG,"Số 21 Điện Biên Phủ, Phường Đa Kao, Quận 1, Thành phố Hồ Chí Minh, Việt Nam"
https://masothue.com/0106869738-tong-cong-ty-dich-vu-vien-thong-loai-hinh-cong-ty-tnhh,0106869738,"Bán buôn thiết bị và linh kiện điện tử, viễn thông",CÔNG TY PHẦN MỀM VNPT - CHI NHÁNH TỔNG CÔNG TY DỊCH VỤ VIỄN THÔNG,0106869738-012,HÀ THÁI BẢO,"Nhà Internet, Lô 2A Làng Quốc Tế Thăng Long, Phường Dịch Vọng, Quận Cầu Giấy, Thành phố Hà Nội, Việt Nam"
https://masothue.com/0106869738-tong-cong-ty-dich-vu-vien-thong-loai-hinh-cong-ty-tnhh,0106869738,"Bán buôn thiết bị và linh kiện điện tử, viễn thông","TRUNG TÂM KINH DOANH VNPT - HOÀ BÌNH, CHI NHÁNH TỔNG CÔNG TY DỊCH VỤ VIỄN THÔNG",0106869738-013,NGUYỄN THANH SƠN,"Đường M.Colani, Phường Quỳnh Lâm, Thành phố Hoà Bình, Tỉnh Hòa Bình, Việt Nam"
https://masothue.com/0106869738-tong-cong-ty-dich-vu-vien-thong-loai-hinh-cong-ty-tnhh,0106869738,"Bán buôn thiết bị và linh kiện điện tử, viễn thông",TRUNG TÂM KINH DOANH VNPT - CẦN THƠ - CHI NHÁNH TỔNG CÔNG TY DỊCH VỤ VIỄN THÔNG,0106869738-014,NGUYỄN QUỐC VIỆT,"02, Nguyễn Trãi, Phường Tân An, Quận Ninh Kiều, Thành phố Cần Thơ, Việt Nam"
https://masothue.com/0106869738-tong-cong-ty-dich-vu-vien-thong-loai-hinh-cong-ty-tnhh,0106869738,"Bán buôn thiết bị và linh kiện điện tử, viễn thông",TRUNG TÂM KINH DOANH VNPT - PHÚ YÊN - CHI NHÁNH TỔNG CÔNG TY DỊCH VỤ VIỄN THÔNG,0106869738-015,BÙI VIẾT ẤN,"Số 218 đường Trần Hưng Đạo, Phường 4, TP Tuy Hoà, Tỉnh Phú Yên, Việt Nam"
https://masothue.com/0106869738-tong-cong-ty-dich-vu-vien-thong-loai-hinh-cong-ty-tnhh,0106869738,"Bán buôn thiết bị và linh kiện điện tử, viễn thông","TRUNG TÂM KINH DOANH VNPT - HÀ NAM, CHI NHÁNH TỔNG CÔNG TY DỊCH VỤ VIỄN THÔNG",0106869738-016,NGUYỄN VIỆT HÙNG,"Số 114, đường Trần Phú, Phường Quang Trung, Thành phố Phủ Lý, Tỉnh Hà Nam, Việt Nam"
https://masothue.com/0106869738-tong-cong-ty-dich-vu-vien-thong-loai-hinh-cong-ty-tnhh,0106869738,"Bán buôn thiết bị và linh kiện điện tử, viễn thông",TRUNG TÂM KINH DOANH VNPT - NAM ĐỊNH - CHI NHÁNH TỔNG CÔNG TY DỊCH VỤ VIỄN THÔNG,0106869738-017,NGUYỄN CHÍ DŨNG,"Số 521 đường Trường Chinh, Phường Thống Nhất, Thành phố Nam Định, Tỉnh Nam Định, Việt Nam"
https://masothue.com/0106869738-tong-cong-ty-dich-vu-vien-thong-loai-hinh-cong-ty-tnhh,0106869738,"Bán buôn thiết bị và linh kiện điện tử, viễn thông",TRUNG TÂM KINH DOANH VNPT - QUẢNG BÌNH - CHI NHÁNH TỔNG CÔNG TY DỊCH VỤ VIỄN THÔNG,0106869738-018,NGUYỄN VĂN CHƯƠNG,"Số 56, Lý Thường Kiệt, Phường Đồng Phú, Thành phố Đồng Hới, Tỉnh Quảng Bình, Việt Nam"
https://masothue.com/0106869738-tong-cong-ty-dich-vu-vien-thong-loai-hinh-cong-ty-tnhh,0106869738,"Bán buôn thiết bị và linh kiện điện tử, viễn thông","TRUNG TÂM KINH DOANH VNPT THỪA THIÊN - HUẾ, CHI NHÁNH TỔNG CÔNG TY DỊCH VỤ VIỄN THÔNG",0106869738-019,NGUYỄN XUÂN THỦY,"51 Hai Bà Trưng, Phường Vĩnh Ninh, Thành phố Huế, Tỉnh Thừa Thiên Huế, Việt Nam"
https://masothue.com/0106869738-tong-cong-ty-dich-vu-vien-thong-loai-hinh-cong-ty-tnhh,0106869738,"Bán buôn thiết bị và linh kiện điện tử, viễn thông",TRUNG TÂM KINH DOANH VNPT - THANH HÓA - CHI NHÁNH TỔNG CÔNG TY DỊCH VỤ VIỄN THÔNG,0106869738-020,LÊ THỌ SỸ,"Số 26A Đại lộ Lê Lợi, Phường Điện Biên, Thành phố Thanh Hoá, Tỉnh Thanh Hoá, Việt Nam"
https://masothue.com/0106869738-tong-cong-ty-dich-vu-vien-thong-loai-hinh-cong-ty-tnhh,0106869738,"Bán buôn thiết bị và linh kiện điện tử, viễn thông",TRUNG TÂM KINH DOANH VNPT - BÌNH PHƯỚC - CHI NHÁNH TỔNG CÔNG TY DỊCH VỤ VIỄN THÔNG,0106869738-021,DIỆP ĐÌNH MẪU,"Số 1137 đường Phú Riềng Đỏ, Phường Tân Bình, Thành phố Đồng Xoài, Tỉnh Bình Phước, Việt Nam"
https://masothue.com/0106869738-tong-cong-ty-dich-vu-vien-thong-loai-hinh-cong-ty-tnhh,0106869738,"Bán buôn thiết bị và linh kiện điện tử, viễn thông",TRUNG TÂM KINH DOANH VNPT - YÊN BÁI - CHI NHÁNH TỔNG CÔNG TY DỊCH VỤ VIỄN THÔNG,0106869738-022,NGUYỄN THẾ DŨNG,"Số 15, đường Đinh Tiên Hoàng, Phường Đồng Tâm, Thành phố Yên Bái, Tỉnh Yên Bái, Việt Nam"
https://masothue.com/0106869738-tong-cong-ty-dich-vu-vien-thong-loai-hinh-cong-ty-tnhh,0106869738,"Bán buôn thiết bị và linh kiện điện tử, viễn thông",TRUNG TÂM KINH DOANH VNPT - ĐỒNG THÁP - CHI NHÁNH TỔNG CÔNG TY DỊCH VỤ VIỄN THÔNG,0106869738-023,HUỲNH TIÊN NHÂN,"Số 54A, Lý Thường Kiệt, Phường 1, Thành phố Cao Lãnh, Tỉnh Đồng Tháp, Việt Nam"
https://masothue.com/0106869738-tong-cong-ty-dich-vu-vien-thong-loai-hinh-cong-ty-tnhh,0106869738,"Bán buôn thiết bị và linh kiện điện tử, viễn thông",TRUNG TÂM KINH DOANH VNPT- BẮC NINH - CHI NHÁNH TỔNG CÔNG TY DỊCH VỤ VIỄN THÔNG,0106869738-024,NGUYỄN ĐÌNH THU,"Tầng 15,16 Tòa nhà VNPT, Số 33 đường Lý Thái Tổ, Phường Ninh Xá, Thành phố Bắc Ninh, Tỉnh Bắc Ninh, Việt Nam"
https://masothue.com/0106869738-tong-cong-ty-dich-vu-vien-thong-loai-hinh-cong-ty-tnhh,0106869738,"Bán buôn thiết bị và linh kiện điện tử, viễn thông",TRUNG TÂM KINH DOANH VNPT - KIÊN GIANG - CHI NHÁNH TỔNG CÔNG TY DỊCH VỤ VIỄN THÔNG,0106869738-025,Nguyễn Duy Phương,"Số 25 đường Điện Biên Phủ, khu phố Lý Thái Tổ, Phường Vĩnh Quang, Thành phố Rạch Giá, Tỉnh Kiên Giang, Việt Nam"
https://masothue.com/0106869738-tong-cong-ty-dich-vu-vien-thong-loai-hinh-cong-ty-tnhh,0106869738,"Bán buôn thiết bị và linh kiện điện tử, viễn thông",TRUNG TÂM KINH DOANH VNPT - BẮC GIANG - CHI NHÁNH TỔNG CÔNG TY DỊCH VỤ VIỄN THÔNG,0106869738-026,NGUYỄN ĐẠI PHONG,"Số 34 đường Nguyễn Thị Lưu, Phường Trần Phú, Thành phố Bắc Giang, Tỉnh Bắc Giang, Việt Nam"
https://masothue.com/0106869738-tong-cong-ty-dich-vu-vien-thong-loai-hinh-cong-ty-tnhh,0106869738,"Bán buôn thiết bị và linh kiện điện tử, viễn thông",TRUNG TÂM KINH DOANH VNPT - SÓC TRĂNG - CHI NHÁNH TỔNG CÔNG TY DỊCH VỤ VIỄN THÔNG,0106869738-027,NGÔ HOÀNG THÁI,"02 Trần Hưng Đạo, Phường 2, Thành phố Sóc Trăng, Tỉnh Sóc Trăng, Việt Nam"
https://masothue.com/0106869738-tong-cong-ty-dich-vu-vien-thong-loai-hinh-cong-ty-tnhh,0106869738,"Bán buôn thiết bị và linh kiện điện tử, viễn thông",TRUNG TÂM KINH DOANH VNPT - NINH BÌNH - CHI NHÁNH TỔNG CÔNG TY DỊCH VỤ VIỄN THÔNG,0106869738-028,TRẦN QUỐC VIỆT,"Đường Trần Hưng Đạo, Phường Phúc Thành, Thành phố Ninh Bình, Tỉnh Ninh Bình, Việt Nam"
https://masothue.com/0106869738-tong-cong-ty-dich-vu-vien-thong-loai-hinh-cong-ty-tnhh,0106869738,"Bán buôn thiết bị và linh kiện điện tử, viễn thông",TRUNG TÂM KINH DOANH VNPT - BÌNH ĐỊNH - CHI NHÁNH TỔNG CÔNG TY DỊCH VỤ VIỄN THÔNG,0106869738-029,NGUYỄN HOÀI SƠN,"Số 197 Phan Bội Châu, Phường Trần Hưng Đạo, Thành phố Quy Nhơn, Tỉnh Bình Định, Việt Nam"
https://masothue.com/0106869738-tong-cong-ty-dich-vu-vien-thong-loai-hinh-cong-ty-tnhh,0106869738,"Bán buôn thiết bị và linh kiện điện tử, viễn thông",TRUNG TÂM KINH DOANH VNPT - LONG AN - CHI NHÁNH TỔNG CÔNG TY DỊCH VỤ VIỄN THÔNG,0106869738-030,HUỲNH MINH NHỰT,"36 Đường Võ Công Tồn, Phường 1, Thành phố Tân An, Tỉnh Long An, Việt Nam"
https://masothue.com/0106869738-tong-cong-ty-dich-vu-vien-thong-loai-hinh-cong-ty-tnhh,0106869738,"Bán buôn thiết bị và linh kiện điện tử, viễn thông",TRUNG TÂM KINH DOANH VNPT - PHÚ THỌ - CHI NHÁNH TỔNG CÔNG TY DỊCH VỤ VIỄN THÔNG,0106869738-031,LÊ MẠNH HÀ,"Số 1468, đường Hùng Vương, Phường Tiên Cát, Thành phố Việt Trì, Tỉnh Phú Thọ, Việt Nam"
https://masothue.com/0106869738-tong-cong-ty-dich-vu-vien-thong-loai-hinh-cong-ty-tnhh,0106869738,"Bán buôn thiết bị và linh kiện điện tử, viễn thông",TRUNG TÂM KINH DOANH VNPT - QUẢNG TRỊ - CHI NHÁNH TỔNG CÔNG TY DỊCH VỤ VIỄN THÔNG,0106869738-032,NGUYỄN VĂN DUỆ,"Số 20 Trần Hưng Đạo, Phường 1, Thành phố Đông Hà, Tỉnh Quảng Trị, Việt Nam"
https://masothue.com/0106869738-tong-cong-ty-dich-vu-vien-thong-loai-hinh-cong-ty-tnhh,0106869738,"Bán buôn thiết bị và linh kiện điện tử, viễn thông",TRUNG TÂM KINH DOANH VNPT - AN GIANG - CHI NHÁNH TỔNG CÔNG TY DỊCH VỤ VIỄN THÔNG (LOẠI HÌNH: CÔNG TY TNHH),0106869738-033,TRẦN HÒA Ý,"Số 02, đường Lê Lợi, Phường Mỹ Bình, Thành phố Long Xuyên , Tỉnh An Giang, Việt Nam"
https://masothue.com/0106869738-tong-cong-ty-dich-vu-vien-thong-loai-hinh-cong-ty-tnhh,0106869738,"Bán buôn thiết bị và linh kiện điện tử, viễn thông",TRUNG TÂM KINH DOANH VNPT - KHÁNH HÒA - CHI NHÁNH TỔNG CÔNG TY DỊCH VỤ VIỄN THÔNG,0106869738-034,HỒ QUANG HUỆ,"Số 01 đường Hùng Vương, Phường Lộc Thọ, Thành phố Nha Trang, Tỉnh Khánh Hòa, Việt Nam"
https://masothue.com/0106869738-tong-cong-ty-dich-vu-vien-thong-loai-hinh-cong-ty-tnhh,0106869738,"Bán buôn thiết bị và linh kiện điện tử, viễn thông",TRUNG TÂM KINH DOANH VNPT - GIA LAI - CHI NHÁNH TỔNG CÔNG TY DỊCH VỤ VIỄN THÔNG,0106869738-035,LÊ THANH NGUYÊN,"Số 69 Hùng Vương, Phường Tây Sơn, Thành phố Pleiku, Tỉnh Gia Lai, Việt Nam"
https://masothue.com/0106869738-tong-cong-ty-dich-vu-vien-thong-loai-hinh-cong-ty-tnhh,0106869738,"Bán buôn thiết bị và linh kiện điện tử, viễn thông",TRUNG TÂM KINH DOANH VNPT - LÂM ĐỒNG - CHI NHÁNH TỔNG CÔNG TY DỊCH VỤ VIỄN THÔNG,0106869738-036,TRẦN XUÂN NGHĨA,"Số 8, Trần Phú, Phường 3, Thành phố Đà Lạt, Tỉnh Lâm Đồng, Việt Nam"
https://masothue.com/0106869738-tong-cong-ty-dich-vu-vien-thong-loai-hinh-cong-ty-tnhh,0106869738,"Bán buôn thiết bị và linh kiện điện tử, viễn thông",TRUNG TÂM KINH DOANH VNPT - ĐẮK NÔNG - CHI NHÁNH TỔNG CÔNG TY DỊCH VỤ VIỄN THÔNG,0106869738-037,TRỊNH VĂN DŨNG,"Đường 23/3, Phường Nghĩa Trung, Thành phố Gia Nghĩa, Tỉnh Đắk Nông, Việt Nam"
https://masothue.com/0106869738-tong-cong-ty-dich-vu-vien-thong-loai-hinh-cong-ty-tnhh,0106869738,"Bán buôn thiết bị và linh kiện điện tử, viễn thông",TRUNG TÂM KINH DOANH VNPT - HẢI DƯƠNG - CHI NHÁNH TỔNG CÔNG TY DỊCH VỤ VIỄN THÔNG,0106869738-038,ĐỖ VĂN PHÁT,"Số 1 đại lộ Hồ Chí Minh, Phường Nguyễn Trãi, Thành phố Hải Dương, Tỉnh Hải Dương, Việt Nam"
https://masothue.com/0106869738-tong-cong-ty-dich-vu-vien-thong-loai-hinh-cong-ty-tnhh,0106869738,"Bán buôn thiết bị và linh kiện điện tử, viễn thông",TRUNG TÂM KINH DOANH VNPT - VĨNH LONG - CHI NHÁNH TỔNG CÔNG TY DỊCH VỤ VIỄN THÔNG,0106869738-039,PHẠM THỊ NGỌC SƯƠNG,"Số 03 đường Trưng Nữ Vương, Phường 1, Thành phố Vĩnh Long, Tỉnh Vĩnh Long, Việt Nam"
https://masothue.com/0106869738-tong-cong-ty-dich-vu-vien-thong-loai-hinh-cong-ty-tnhh,0106869738,"Bán buôn thiết bị và linh kiện điện tử, viễn thông",TRUNG TÂM KINH DOANH VNPT - NGHỆ AN - CHI NHÁNH TỔNG CÔNG TY DỊCH VỤ VIỄN THÔNG,0106869738-040,HỒ THỊ HÀ,"Số 1, đường Hồ Tùng Mậu, Phường Hưng Bình, Thành phố Vinh, Tỉnh Nghệ An, Việt Nam"
https://masothue.com/0106869738-tong-cong-ty-dich-vu-vien-thong-loai-hinh-cong-ty-tnhh,0106869738,"Bán buôn thiết bị và linh kiện điện tử, viễn thông",TRUNG TÂM KINH DOANH VNPT - HÀ TĨNH - CHI NHÁNH TỔNG CÔNG TY DỊCH VỤ VIỄN THÔNG,0106869738-041,PHAN CÔNG VIỆT,"Số 06, đường Trần Phú, Phường Bắc Hà, Thành phố Hà Tĩnh, Tỉnh Hà Tĩnh, Việt Nam"
https://masothue.com/0106869738-tong-cong-ty-dich-vu-vien-thong-loai-hinh-cong-ty-tnhh,0106869738,"Bán buôn thiết bị và linh kiện điện tử, viễn thông",TRUNG TÂM KINH DOANH VNPT - SƠN LA - CHI NHÁNH TỔNG CÔNG TY DỊCH VỤ VIỄN THÔNG,0106869738-042,LÊ MINH THẮNG,"Số nhà 01, Đường Tô Hiệu, Tổ 4, Phường Tô Hiệu, Thành phố Sơn La, Tỉnh Sơn La, Việt Nam"
https://masothue.com/0106869738-tong-cong-ty-dich-vu-vien-thong-loai-hinh-cong-ty-tnhh,0106869738,"Bán buôn thiết bị và linh kiện điện tử, viễn thông",TRUNG TÂM KINH DOANH VNPT - TRÀ VINH - CHI NHÁNH TỔNG CÔNG TY DỊCH VỤ VIỄN THÔNG,0106869738-043,PHẠM PHƯỚC TRỌN,"Số 83 Lê Lợi, Phường 4, Thành phố Trà Vinh, Tỉnh Trà Vinh, Việt Nam"
https://masothue.com/0106869738-tong-cong-ty-dich-vu-vien-thong-loai-hinh-cong-ty-tnhh,0106869738,"Bán buôn thiết bị và linh kiện điện tử, viễn thông",TRUNG TÂM KINH DOANH VNPT BÀ RỊA - VŨNG TÀU - CHI NHÁNH TỔNG CÔNG TY DỊCH VỤ VIỄN THÔNG,0106869738-044,HỒ MINH TÂM,"Số 198 Xô Viết Nghệ Tĩnh, Phường Thắng Tam, Thành phố Vũng Tàu, Tỉnh Bà Rịa - Vũng Tàu, Việt Nam"
https://masothue.com/0106869738-tong-cong-ty-dich-vu-vien-thong-loai-hinh-cong-ty-tnhh,0106869738,"Bán buôn thiết bị và linh kiện điện tử, viễn thông",TRUNG TÂM KINH DOANH VNPT - LAI CHÂU - CHI NHÁNH TỔNG CÔNG TY DỊCH VỤ VIỄN THÔNG,0106869738-045,VƯƠNG SỸ CHUNG,"Tổ 10, Phường Tân Phong, Thành phố Lai Châu, Tỉnh Lai Châu, Việt Nam"
https://masothue.com/0106869738-tong-cong-ty-dich-vu-vien-thong-loai-hinh-cong-ty-tnhh,0106869738,"Bán buôn thiết bị và linh kiện điện tử, viễn thông",TRUNG TÂM KINH DOANH VNPT - ĐẮK LẮK - CHI NHÁNH TỔNG CÔNG TY DỊCH VỤ VIỄN THÔNG,0106869738-046,NGUYỄN LÊ NGUYÊN HÙNG,"Số 219 đường Ngô Quyền, Phường Tân An, TP.Buôn Ma Thuột, Tỉnh Đắk Lắk, Việt Nam"
https://masothue.com/0106869738-tong-cong-ty-dich-vu-vien-thong-loai-hinh-cong-ty-tnhh,0106869738,"Bán buôn thiết bị và linh kiện điện tử, viễn thông",TRUNG TÂM KINH DOANH VNPT - BẮC KẠN - CHI NHÁNH TỔNG CÔNG TY DỊCH VỤ VIỄN THÔNG,0106869738-047,VŨ HỒNG MINH,"Tổ 12, P. Nguyễn Thị Minh Khai, Thành phố Bắc Kạn, Tỉnh Bắc Kạn, Việt Nam"
https://masothue.com/0106869738-tong-cong-ty-dich-vu-vien-thong-loai-hinh-cong-ty-tnhh,0106869738,"Bán buôn thiết bị và linh kiện điện tử, viễn thông",TRUNG TÂM KINH DOANH VNPT - HƯNG YÊN - CHI NHÁNH TỔNG CÔNG TY DỊCH VỤ VIỄN THÔNG,0106869738-048,NGUYỄN TUẤN ĐỨC,"Số 103 đường Bãi Sậy, Phường Quang Trung, Thành phố Hưng yên, Tỉnh Hưng Yên, Việt Nam"
https://masothue.com/0106869738-tong-cong-ty-dich-vu-vien-thong-loai-hinh-cong-ty-tnhh,0106869738,"Bán buôn thiết bị và linh kiện điện tử, viễn thông",TRUNG TÂM KINH DOANH VNPT - THÁI NGUYÊN - CHI NHÁNH TỔNG CÔNG TY DỊCH VỤ VIỄN THÔNG,0106869738-049,NGUYỄN TIẾN HẢI,"Số 10, đường Cách Mạng Tháng 8, Phường Phan Đình Phùng, Thành phố Thái Nguyên, Tỉnh Thái Nguyên, Việt Nam"
https://masothue.com/0106869738-tong-cong-ty-dich-vu-vien-thong-loai-hinh-cong-ty-tnhh,0106869738,"Bán buôn thiết bị và linh kiện điện tử, viễn thông",TRUNG TÂM KINH DOANH VNPT - KON TUM - CHI NHÁNH TỔNG CÔNG TY DỊCH VỤ VIỄN THÔNG,0106869738-050,LÊ QUỐC ĐẠT,"Số nhà 72, Đường Lê Hồng Phong, Phường Quyết Thắng, Thành phố Kon Tum, Tỉnh Kon Tum, Việt Nam"
https://masothue.com/0106869738-tong-cong-ty-dich-vu-vien-thong-loai-hinh-cong-ty-tnhh,0106869738,"Bán buôn thiết bị và linh kiện điện tử, viễn thông",TRUNG TÂM KINH DOANH VNPT - LÀO CAI - CHI NHÁNH TỔNG CÔNG TY DỊCH VỤ VIỄN THÔNG,0106869738-051,ĐẬU ÁI LOAN,"Toà nhà VNPT Lào Cai, Đại lộ Trần Hưng Đạo, Phường Nam Cường, Thành phố Lào Cai, Tỉnh Lào Cai, Việt Nam"
https://masothue.com/0106869738-tong-cong-ty-dich-vu-vien-thong-loai-hinh-cong-ty-tnhh,0106869738,"Bán buôn thiết bị và linh kiện điện tử, viễn thông",TRUNG TÂM KINH DOANH VNPT - BÌNH THUẬN - CHI NHÁNH TỔNG CÔNG TY DỊCH VỤ VIỄN THÔNG (LOẠI HÌNH: CÔNG TY TNHH),0106869738-052,TRỊNH THẾ MUÔN,"Số 2 đường Lê Hồng Phong, Phường Bình Hưng, Thành phố Phan Thiết, Tỉnh Bình Thuận, Việt Nam"
https://masothue.com/0106869738-tong-cong-ty-dich-vu-vien-thong-loai-hinh-cong-ty-tnhh,0106869738,"Bán buôn thiết bị và linh kiện điện tử, viễn thông",TRUNG TÂM KINH DOANH VNPT - QUẢNG NINH - CHI NHÁNH TỔNG CÔNG TY DỊCH VỤ VIỄN THÔNG,0106869738-053,TỐNG ĐĂNG DŨNG,"Số 1 đường 25/4, Phường Bạch Đằng, Thành phố Hạ Long, Tỉnh Quảng Ninh, Việt Nam"
https://masothue.com/0106869738-tong-cong-ty-dich-vu-vien-thong-loai-hinh-cong-ty-tnhh,0106869738,"Bán buôn thiết bị và linh kiện điện tử, viễn thông",TRUNG TÂM KINH DOANH VNPT - QUẢNG NGÃI - CHI NHÁNH TỔNG CÔNG TY DỊCH VỤ VIỄN THÔNG,0106869738-054,LÊ HOÀNG VŨ,"80 Phan Đình Phùng, Phường Nguyễn Nghiêm, Thành phố Quảng Ngãi, Tỉnh Quảng Ngãi, Việt Nam"
https://masothue.com/0106869738-tong-cong-ty-dich-vu-vien-thong-loai-hinh-cong-ty-tnhh,0106869738,"Bán buôn thiết bị và linh kiện điện tử, viễn thông",TRUNG TÂM KINH DOANH VNPT - HẬU GIANG - CHI NHÁNH TỔNG CÔNG TY DỊCH VỤ VIỄN THÔNG,0106869738-055,TRẦN CHÍ HƯỚNG,"Số 61, Võ Văn Kiệt, khu vực 4, Phường V, Thành phố Vị Thanh, Tỉnh Hậu Giang, Việt Nam"
https://masothue.com/0106869738-tong-cong-ty-dich-vu-vien-thong-loai-hinh-cong-ty-tnhh,0106869738,"Bán buôn thiết bị và linh kiện điện tử, viễn thông","TRUNG TÂM KINH DOANH VNPT - HẢI PHÒNG, CHI NHÁNH TỔNG CÔNG TY DỊCH VỤ VIỄN THÔNG",0106869738-056,PHẠM KIỀU LOAN,"Tòa nhà VNPT Hải Phòng, Lô C6 Trung tâm Hành chính quận Hải An, đường Lê Hồng Phong, Phường Đằng Hải, Quận Hải An, Thành phố Hải Phòng, Việt Nam"
https://masothue.com/0106869738-tong-cong-ty-dich-vu-vien-thong-loai-hinh-cong-ty-tnhh,0106869738,"Bán buôn thiết bị và linh kiện điện tử, viễn thông",TRUNG TÂM KINH DOANH VNPT - CÀ MAU - CHI NHÁNH TỔNG CÔNG TY DỊCH VỤ VIỄN THÔNG,0106869738-057,HỒ LỆ QUYÊN,"Số 03, đường Lưu Tấn Tài, Phường 5, Thành phố Cà Mau, Tỉnh Cà Mau, Việt Nam"
https://masothue.com/0106869738-tong-cong-ty-dich-vu-vien-thong-loai-hinh-cong-ty-tnhh,0106869738,"Bán buôn thiết bị và linh kiện điện tử, viễn thông",TRUNG TÂM KINH DOANH VNPT - BẾN TRE - CHI NHÁNH TỔNG CÔNG TY DỊCH VỤ VIỄN THÔNG,0106869738-058,NGUYỄN VĂN TRIỀU DÂNG,"Số 01, Cách Mạng Tháng Tám, Phường An Hội, Thành phố Bến Tre, Tỉnh Bến Tre, Việt Nam"
https://masothue.com/0106869738-tong-cong-ty-dich-vu-vien-thong-loai-hinh-cong-ty-tnhh,0106869738,"Bán buôn thiết bị và linh kiện điện tử, viễn thông",TRUNG TÂM KINH DOANH VNPT - ĐỒNG NAI - CHI NHÁNH TỔNG CÔNG TY DỊCH VỤ VIỄN THÔNG,0106869738-059,HÀNG VĂN TÍN,"Tầng 1, Số 01, Đường 30/4, Phường Trung Dũng, Thành phố Biên Hoà, Tỉnh Đồng Nai, Việt Nam"
https://masothue.com/0106869738-tong-cong-ty-dich-vu-vien-thong-loai-hinh-cong-ty-tnhh,0106869738,"Bán buôn thiết bị và linh kiện điện tử, viễn thông",TRUNG TÂM KINH DOANH VNPT - TUYÊN QUANG - CHI NHÁNH TỔNG CÔNG TY DỊCH VỤ VIỄN THÔNG,0106869738-060,NGUYỄN ĐỨC THỊNH,"Số 02, đường 17/8, Phường Minh Xuân, Thành phố Tuyên Quang, Tỉnh Tuyên Quang, Việt Nam"
https://masothue.com/0106869738-tong-cong-ty-dich-vu-vien-thong-loai-hinh-cong-ty-tnhh,0106869738,"Bán buôn thiết bị và linh kiện điện tử, viễn thông",TRUNG TÂM KINH DOANH VNPT - LẠNG SƠN - CHI NHÁNH TỔNG CÔNG TY DỊCH VỤ VIỄN THÔNG (LOẠI HÌNH: CÔNG TY TNHH),0106869738-061,PHẠM ĐỨC VINH,"Số 14, đường Hùng Vương, Phường Chi Lăng, Thành phố Lạng Sơn, Tỉnh Lạng Sơn, Việt Nam"
https://masothue.com/0106869738-tong-cong-ty-dich-vu-vien-thong-loai-hinh-cong-ty-tnhh,0106869738,"Bán buôn thiết bị và linh kiện điện tử, viễn thông",TRUNG TÂM KINH DOANH VNPT - THÁI BÌNH- CHI NHÁNH TỔNG CÔNG TY DỊCH VỤ VIỄN THÔNG,0106869738-062,LÊ TIẾN VŨ,"Số 355, đường Lý Bôn, Phường Đề Thám, Thành phố Thái Bình, Tỉnh Thái Bình, Việt Nam"
https://masothue.com/0106869738-tong-cong-ty-dich-vu-vien-thong-loai-hinh-cong-ty-tnhh,0106869738,"Bán buôn thiết bị và linh kiện điện tử, viễn thông",TRUNG TÂM KINH DOANH VNPT - TÂY NINH - CHI NHÁNH TỔNG CÔNG TY DỊCH VỤ VIỄN THÔNG,0106869738-063,THÁI ĐĂNG KHOA,"Số 01, Phạm Công Khiêm, Phường 3, Thành phố Tây Ninh, Tỉnh Tây Ninh, Việt Nam"
https://masothue.com/0106869738-tong-cong-ty-dich-vu-vien-thong-loai-hinh-cong-ty-tnhh,0106869738,"Bán buôn thiết bị và linh kiện điện tử, viễn thông","TRUNG TÂM KINH DOANH VNPT - CAO BẰNG, CHI NHÁNH TỔNG CÔNG TY DỊCH VỤ VIỄN THÔNG",0106869738-064,LÊ VÂN ANH,"Số 058, Đường Hoàng Đình Giong, Phường Hợp Giang, Thành phố Cao Bằng, Tỉnh Cao Bằng, Việt Nam"
https://masothue.com/0106869738-tong-cong-ty-dich-vu-vien-thong-loai-hinh-cong-ty-tnhh,0106869738,"Bán buôn thiết bị và linh kiện điện tử, viễn thông","TRUNG TÂM KINH DOANH VNPT - NINH THUẬN, CHI NHÁNH TỔNG CÔNG TY DỊCH VỤ VIỄN THÔNG",0106869738-065,NGUYỄN TRỌNG THẮNG,"Số 2A đường 21/8, Phường Mỹ Hương, TP. Phan Rang-Tháp Chàm, Tỉnh Ninh Thuận, Việt Nam"
https://masothue.com/0106869738-tong-cong-ty-dich-vu-vien-thong-loai-hinh-cong-ty-tnhh,0106869738,"Bán buôn thiết bị và linh kiện điện tử, viễn thông",TRUNG TÂM KINH DOANH VNPT - HÀ GIANG - CHI NHÁNH TỔNG CÔNG TY DỊCH VỤ VIỄN THÔNG,0106869738-066,MAI THỊ THƯƠNG (MAI THỊ BÍCH ĐÀO),"Tòa nhà VNPT Hà Giang, đường Nguyễn Trãi, Phường Nguyễn Trãi, Thành Phố Hà Giang, Tỉnh Hà Giang, Việt Nam"
https://masothue.com/0106869738-tong-cong-ty-dich-vu-vien-thong-loai-hinh-cong-ty-tnhh,0106869738,"Bán buôn thiết bị và linh kiện điện tử, viễn thông",TRUNG TÂM KINH DOANH VNPT - ĐIỆN BIÊN - CHI NHÁNH TỔNG CÔNG TY DỊCH VỤ VIỄN THÔNG,0106869738-067,TÔ BÁ DIỆP,"Tổ dân phố 10, Phường Thanh Trường, Thành phố Điện Biên Phủ, Tỉnh Điện Biên, Việt Nam"
https://masothue.com/0106869738-tong-cong-ty-dich-vu-vien-thong-loai-hinh-cong-ty-tnhh,0106869738,"Bán buôn thiết bị và linh kiện điện tử, viễn thông",TRUNG TÂM KINH DOANH VNPT - BÌNH DƯƠNG - CHI NHÁNH TỔNG CÔNG TY DỊCH VỤ VIỄN THÔNG,0106869738-068,NGUYỄN NHƠN TUẤN,"Số 326, Đại lộ Bình Dương, Phường Phú Hòa, Thành phố Thủ Dầu Một, Tỉnh Bình Dương, Việt Nam"
https://masothue.com/0106869738-tong-cong-ty-dich-vu-vien-thong-loai-hinh-cong-ty-tnhh,0106869738,"Bán buôn thiết bị và linh kiện điện tử, viễn thông","TRUNG TÂM KINH DOANH VNPT - BẠC LIÊU, CHI NHÁNH TỔNG CÔNG TY DỊCH VỤ VIỄN THÔNG",0106869738-069,PHAN ĐÌNH LUYỆN,"Số 99, Đường Nguyễn Văn Linh, Khóm 10, Phường 1, Thành phố Bạc Liêu, Tỉnh Bạc Liêu, Việt Nam"
https://masothue.com/0106869738-tong-cong-ty-dich-vu-vien-thong-loai-hinh-cong-ty-tnhh,0106869738,"Bán buôn thiết bị và linh kiện điện tử, viễn thông",TRUNG TÂM TRUYỀN THÔNG VCOMMS - CHI NHÁNH TỔNG CÔNG TY DỊCH VỤ VIỄN THÔNG (LOẠI HÌNH: CÔNG TY TNHH),0106869738-070,PHẠM THỊ HỒNG MAI,"Tòa nhà VNPT, số 57 phố Huỳnh Thúc Kháng, Phường Láng Hạ, Quận Đống Đa, Thành phố Hà Nội, Việt Nam"
https://masothue.com/0106869738-tong-cong-ty-dich-vu-vien-thong-loai-hinh-cong-ty-tnhh,0106869738,"Bán buôn thiết bị và linh kiện điện tử, viễn thông","PHÒNG BÁN HÀNG QUẬN BÌNH THỦY, TRUNG TÂM KINH DOANH VNPT - CẦN THƠ - CHI NHÁNH TỔNG CÔNG TY DỊCH VỤ",0106869738-071,,"392, Cách Mạng Tháng Tám - Phường Bùi Hữu Nghĩa - Quận Bình Thuỷ - Cần Thơ."
https://masothue.com/0106869738-tong-cong-ty-dich-vu-vien-thong-loai-hinh-cong-ty-tnhh,0106869738,"Bán buôn thiết bị và linh kiện điện tử, viễn thông","PHÒNG KHÁCH HÀNG TỔ CHỨC - DOANH NGHIỆP, TRUNG TÂM KINH DOANH VNPT - CẦN THƠ - CHI NHÁNH TỔNG CÔNG T",0106869738-072,,"538, Đường 30/4 - Phường Hưng Lợi - Quận Ninh Kiều - Cần Thơ."
https://masothue.com/0106869738-tong-cong-ty-dich-vu-vien-thong-loai-hinh-cong-ty-tnhh,0106869738,"Bán buôn thiết bị và linh kiện điện tử, viễn thông","PHÒNG BÁN HÀNG QUẬN CÁI RĂNG, TRUNG TÂM KINH DOANH VNPT - CẦN THƠ - CHI NHÁNH TỔNG CÔNG TY DỊCH VỤ V",0106869738-073,,"01, Đinh Tiên Hoàng - Phường Lê Bình - Quận Cái Răng - Cần Thơ."
https://masothue.com/0106869738-tong-cong-ty-dich-vu-vien-thong-loai-hinh-cong-ty-tnhh,0106869738,"Bán buôn thiết bị và linh kiện điện tử, viễn thông","PHÒNG BÁN HÀNG QUẬN THỐT NỐT, TRUNG TÂM KINH DOANH VNPT - CẦN THƠ - CHI NHÁNH TỔNG CÔNG TY DỊCH VỤ V",0106869738-074,,"551B, Đường QL91, KV Phụng Thạnh 1 - Phường Thốt Nốt - Quận Thốt Nốt - Cần Thơ."
https://masothue.com/0106869738-tong-cong-ty-dich-vu-vien-thong-loai-hinh-cong-ty-tnhh,0106869738,"Bán buôn thiết bị và linh kiện điện tử, viễn thông","PHÒNG BÁN HÀNG HUYỆN CỜ ĐỎ, TRUNG TÂM KINH DOANH VNPT - CẦN THƠ - CHI NHÁNH TỔNG CÔNG TY DỊCH VỤ VIỄ",0106869738-075,,ấp Thới Hòa A - Thị trấn Cờ Đỏ - Huyện Cờ Đỏ - Cần Thơ.
https://masothue.com/0106869738-tong-cong-ty-dich-vu-vien-thong-loai-hinh-cong-ty-tnhh,0106869738,"Bán buôn thiết bị và linh kiện điện tử, viễn thông","PHÒNG BÁN HÀNG HUYỆN PHONG ĐIỀN, TRUNG TÂM KINH DOANH VNPT - CẦN THƠ - CHI NHÁNH TỔNG CÔNG TY DỊCH V",0106869738-076,,ấp Thị Tứ - Thị Trấn Phong Điền - Huyện Phong Điền - Cần Thơ.
https://masothue.com/0106869738-tong-cong-ty-dich-vu-vien-thong-loai-hinh-cong-ty-tnhh,0106869738,"Bán buôn thiết bị và linh kiện điện tử, viễn thông","PHÒNG BÁN HÀNG QUẬN NINH KIỀU, TRUNG TÂM KINH DOANH VNPT - CẦN THƠ - CHI NHÁNH TỔNG CÔNG TY DỊCH VỤ",0106869738-077,,"02, Nguyễn Trãi - Phường An Hội - Quận Ninh Kiều - Cần Thơ."
https://masothue.com/0106869738-tong-cong-ty-dich-vu-vien-thong-loai-hinh-cong-ty-tnhh,0106869738,"Bán buôn thiết bị và linh kiện điện tử, viễn thông","PHÒNG BÁN HÀNG HUYỆN VĨNH THẠNH, TRUNG TÂM KINH DOANH VNPT - CẦN THƠ - CHI NHÁNH TỔNG CÔNG TY DỊCH V",0106869738-078,,ấp Vĩnh Tiến - Thị Trấn Vĩnh Thạnh - Huyện Vĩnh Thạnh - Cần Thơ.
https://masothue.com/0106869738-tong-cong-ty-dich-vu-vien-thong-loai-hinh-cong-ty-tnhh,0106869738,"Bán buôn thiết bị và linh kiện điện tử, viễn thông","PHÒNG BÁN HÀNG HUYỆN THỚI LAI, TRUNG TÂM KINH DOANH VNPT - CẦN THƠ - CHI NHÁNH TỔNG CÔNG TY DỊCH VỤ",0106869738-079,,ấp Thới Thuận B - Thị Trấn Thới Lai - Huyện Thới Lai - Cần Thơ.
https://masothue.com/0106869738-tong-cong-ty-dich-vu-vien-thong-loai-hinh-cong-ty-tnhh,0106869738,"Bán buôn thiết bị và linh kiện điện tử, viễn thông","PHÒNG BÁN HÀNG QUẬN Ô MÔN, TRUNG TÂM KINH DOANH VNPT - CẦN THƠ - CHI NHÁNH TỔNG CÔNG TY DỊCH VỤ VIỄN",0106869738-080,,"01, Kim Đồng - Phường Châu Văn Liêm - Quận Ô Môn - Cần Thơ."
https://masothue.com/0106869738-tong-cong-ty-dich-vu-vien-thong-loai-hinh-cong-ty-tnhh,0106869738,"Bán buôn thiết bị và linh kiện điện tử, viễn thông",TRUNG TÂM HỖ TRỢ KHÁCH HÀNG - CHI NHÁNH TỔNG CÔNG TY DỊCH VỤ VIỄN THÔNG,0106869738-081,LÊ VŨ HỰU,"Nhà Internet, Lô 2A Làng Quốc Tế Thăng Long, Phường Dịch Vọng, Quận Cầu Giấy, Thành phố Hà Nội, Việt Nam"
https://masothue.com/0106873188-tong-cong-ty-truyen-thong-loai-hinh-cong-ty-tnhh,0106873188,Hoạt động viễn thông không dây,CÔNG TY PHÁT TRIỂN DỊCH VỤ GIÁ TRỊ GIA TĂNG - CHI NHÁNH TỔNG CÔNG TY TRUYỀN THÔNG,0106873188-001,NGUYỄN SƠN HẢI,"Số 97, đường Nguyễn Chí Thanh, Phường Láng Hạ, Quận Đống Đa, Thành phố Hà Nội, Việt Nam"
https://masothue.com/0106873188-tong-cong-ty-truyen-thong-loai-hinh-cong-ty-tnhh,0106873188,Hoạt động viễn thông không dây,CÔNG TY PHÁT TRIỂN DỊCH VỤ TRUYỀN THÔNG - CHI NHÁNH TỔNG CÔNG TY TRUYỀN THÔNG,0106873188-002,ĐINH MINH SƠN,"Tòa nhà VNPT, Số 57, phố Huỳnh Thúc Kháng, Phường Láng Hạ, Quận Đống Đa, Thành phố Hà Nội, Việt Nam"
https://masothue.com/0106873188-tong-cong-ty-truyen-thong-loai-hinh-cong-ty-tnhh,0106873188,Hoạt động viễn thông không dây,CÔNG TY PHÁT TRIỂN DỊCH VỤ TRUYỀN HÌNH MYTV - CHI NHÁNH TỔNG CÔNG TY TRUYỀN THÔNG,0106873188-003,NGUYỄN TRỌNG DẦN,"Số 97 đường Nguyễn Chí Thanh, Phường Láng Hạ, Quận Đống Đa, Thành phố Hà Nội, Việt Nam"
https://masothue.com/0106873188-tong-cong-ty-truyen-thong-loai-hinh-cong-ty-tnhh,0106873188,Hoạt động viễn thông không dây,VĂN PHÒNG ĐẠI DIỆN TỔNG CÔNG TY TRUYỀN THÔNG TẠI MIỀN TRUNG,0106873188-004,PHAN HOÀNG NAM,"04 Ông Ích Khiêm, Phường Thanh Bình, Quận Hải Châu, Thành phố Đà Nẵng, Việt Nam"
https://masothue.com/0106873188-tong-cong-ty-truyen-thong-loai-hinh-cong-ty-tnhh,0106873188,Hoạt động viễn thông không dây,VĂN PHÒNG ĐẠI DIỆN TỔNG CÔNG TY TRUYỀN THÔNG TẠI MIỀN NAM,0106873188-005,HỒ VĂN PHƯỚC VĨNH,"21-23 đường Hồ Văn Huê, Phường 09, Quận Phú Nhuận, Thành phố Hồ Chí Minh, Việt Nam"
https://masothue.com/0106873188-tong-cong-ty-truyen-thong-loai-hinh-cong-ty-tnhh,0106873188,Hoạt động viễn thông không dây,CÔNG TY PHÁT TRIỂN PHẦN MỀM VNPT - MEDIA - CHI NHÁNH TỔNG CÔNG TY TRUYỀN THÔNG,0106873188-006,VŨ VĂN TRIỆU,"Số 97 đường Nguyễn Chí Thanh, Phường Láng Hạ, Quận Đống Đa, Thành phố Hà Nội, Việt Nam"
https://masothue.com/0106873188-tong-cong-ty-truyen-thong-loai-hinh-cong-ty-tnhh,0106873188,Hoạt động viễn thông không dây,TRUNG TÂM DỊCH VỤ TÀI CHÍNH SỐ VNPT - CHI NHÁNH TỔNG CÔNG TY TRUYỀN THÔNG (LOẠI HÌNH: CÔNG TY TNHH),0106873188-007,NGUYỄN ĐĂNG THẮNG,"Số 57A, Phố Huỳnh Thúc Kháng, Phường Láng Hạ, Quận Đống Đa, Thành phố Hà Nội, Việt Nam"
https://masothue.com/3700226664-cong-ty-tnhh-mot-thanh-vien-cap-quang,3700226664,"Sản xuất dây cáp, sợi cáp quang học",,,,
https://masothue.com/3701897496-cong-ty-tnhh-san-xuat-thiet-bi-vien-thong,3701897496,Nghiên cứu khoa học và phát triển công nghệ trong lĩnh vực khoa học kỹ thuật và công nghệ,VĂN PHÒNG ĐẠI DIỆN CÔNG TY TNHH SẢN XUẤT THIẾT BỊ VIỄN THÔNG,3701897496-001,NGUYỄN MẠNH CƯỜNG,"Lầu 8, Tòa nhà Waseco, số 10 Phổ Quang, Phường 2, Quận Tân Bình, Thành phố Hồ Chí Minh, Việt Nam"
https://masothue.com/3701897496-cong-ty-tnhh-san-xuat-thiet-bi-vien-thong,3701897496,Nghiên cứu khoa học và phát triển công nghệ trong lĩnh vực khoa học kỹ thuật và công nghệ,CÔNG TY TNHH SẢN XUẤT THIẾT BỊ VIỄN THÔNG CHI NHÁNH TP HỒ CHÍ MINH-TRUNG TÂM KINH DOANH,3701897496-002,TRẦN ĐỨC QUYỀN,"Tầng 8, Lô A, Tòa nhà Waseco, Số 10 Phổ Quang, Phường 2, Quận Tân Bình, Thành phố Hồ Chí Minh, Việt Nam"
https://masothue.com/0800854392-cong-ty-tnhh-mot-thanh-vien-thuan-phat-hai-duong,0800854392,Vận tải hành khách đường bộ khác,,,,
https://masothue.com/3502453390-cong-ty-tnhh-ong-thep-sai-gon,3502453390,"Sản xuất sắt, thép, gang",,,,
https://masothue.com/0201633845-cong-ty-trach-nhiem-huu-han-bat-dong-san-tien-phong,0201633845,"Kinh doanh bất động sản, quyền sử dụng đất thuộc chủ sở hữu, chủ sử dụng hoặc đi thuê",,,,
https://masothue.com/0200270081-cong-ty-trach-nhiem-huu-han-vico,0200270081,"Sản xuất mỹ phẩm, xà phòng, chất tẩy rửa, làm bóng và chế phẩm vệ sinh",CHI NHÁNH CÔNG TY TNHH VICO TẠI BÌNH DƯƠNG,0200270081-001,TĂNG VĂN TÙNG,"Số 19 VSIP II-A, Đường số 26, Khu công nghiệp Việt Nam - Singapore, Phường Vĩnh Tân, Thị xã Tân Uyên, Tỉnh Bình Dương, Việt Nam"
https://masothue.com/0200270081-cong-ty-trach-nhiem-huu-han-vico,0200270081,"Sản xuất mỹ phẩm, xà phòng, chất tẩy rửa, làm bóng và chế phẩm vệ sinh",CHI NHÁNH CÔNG TY TRÁCH NHIỆM HỮU HẠN VICO - NAM ĐÌNH VŨ,0200270081-002,NGUYỄN MỘNG LÂN,"Số CN2-02, Khu công nghiệp Nam Đình Vũ, Phường Đông Hải 2, Quận Hải An, Thành phố Hải Phòng, Việt Nam"
https://masothue.com/0200783862-cong-ty-trach-nhiem-huu-han-mot-thanh-vien-phoi-thep-uc,0200783862,Khác,,,,
https://masothue.com/0108605219-cong-ty-tnhh-bb-hydro-power-dak-psi,0108605219,"Kinh doanh bất động sản, quyền sử dụng đất thuộc chủ sở hữu, chủ sử dụng hoặc đi thuê",,,,
https://masothue.com/0108763279-cong-ty-tnhh-bb-hydro-power-dak-mi,0108763279,"Kinh doanh bất động sản, quyền sử dụng đất thuộc chủ sở hữu, chủ sử dụng hoặc đi thuê",,,,
https://masothue.com/0901061255-cong-ty-tnhh-giao-duc-quoc-te-ecopark-daesung,0901061255,Hoạt động tư vấn quản lý,,,,
https://masothue.com/0901003006-cong-ty-tnhh-thuan-duc-hung-yen,0901003006,Sản xuất sản phẩm từ plastic,,,,
https://masothue.com/0900232998-cong-ty-tnhh-long-thanh-hung-yen,0900232998,Khác,,,,
https://masothue.com/0900888772-cong-ty-tnhh-vat-lieu-moi-thoi-dai,0900888772,"Sản xuất sơn, véc ni và các chất sơn, quét tương tự; sản xuất mực in và ma tít",,,,
https://masothue.com/4201675948-cong-ty-trach-nhiem-huu-han-mot-thanh-vien-du-lich-sanest-tourist,4201675948,Điều hành tua du lịch,,,,
https://masothue.com/4201680056-cong-ty-trach-nhiem-huu-han-mot-thanh-vien-thiet-ke-xay-dung-sanatech-land,4201680056,Xây dựng công trình kỹ thuật dân dụng khác,,,,
https://masothue.com/4201766754-cong-ty-trach-nhiem-huu-han-mot-thanh-vien-nong-truong-dua-cam-thinh,4201766754,"Trồng trọt, chăn nuôi hỗn hợp",,,,
https://masothue.com/4201766761-cong-ty-trach-nhiem-huu-han-mot-thanh-vien-dich-vu-tuyen-bac-nam,4201766761,Nhà hàng và các dịch vụ ăn uống phục vụ lưu động,,,,
https://masothue.com/4201766779-cong-ty-trach-nhiem-huu-han-mot-thanh-vien-nha-hang-yen-sao-khanh-hoa,4201766779,Nhà hàng và các dịch vụ ăn uống phục vụ lưu động,,,,
https://masothue.com/4201766786-cong-ty-trach-nhiem-huu-han-mot-thanh-vien-quang-ba-san-pham-va-nha-hang-yen-sao-khanh-hoa,4201766786,Nhà hàng và các dịch vụ ăn uống phục vụ lưu động,,,,
https://masothue.com/4201766793-cong-ty-trach-nhiem-huu-han-mot-thanh-vien-nuoi-trong-thuy-san-fishsan,4201766793,Nuôi trồng thuỷ sản biển,,,,
https://masothue.com/5801357762-cong-ty-trach-nhiem-huu-han-mot-thanh-vien-dich-vu-du-lich-va-nha-hang-yen-sao-khanh-hoa-lam-dong,5801357762,Nhà hàng và các dịch vụ ăn uống phục vụ lưu động,,,,
https://masothue.com/4201348556-cong-ty-tnhh-mot-thanh-vien-dau-tu-va-kinh-doanh-bat-dong-san-khatoco,4201348556,"Kinh doanh bất động sản, quyền sử dụng đất thuộc chủ sở hữu, chủ sử dụng hoặc đi thuê",,,,
https://masothue.com/4201370569-cong-ty-tnhh-bon-mua-nha-trang,4201370569,Nhà hàng và các dịch vụ ăn uống phục vụ lưu động,CÔNG TY TNHH BỐN MÙA NHA TRANG (NỘP TIỀN THUÊ ĐẤT),4201370569-001,Lê Xuân Thơm,04 Tôn Đản - Phường Lộc Thọ - Thành phố Nha Trang - Khánh Hòa.
https://masothue.com/4201469800-cong-ty-tnhh-mien-nhiet-doi-nha-trang,4201469800,Dịch vụ lưu trú ngắn ngày,CHI NHÁNH CÔNG TY TNHH MIỀN NHIỆT ĐỚI NHA TRANG,4201469800-001,TRẦN XUÂN TOÀN,"Số 01 Đường 19, Khu phố Mỹ Gia - S12, Phường Tân Phú, Quận 7, Thành phố Hồ Chí Minh, Việt Nam"
https://masothue.com/4201469800-cong-ty-tnhh-mien-nhiet-doi-nha-trang,4201469800,Dịch vụ lưu trú ngắn ngày,CÔNG TY TNHH MIỀN NHIỆT ĐỚI NHA TRANG (NỘP TIỀN THUÊ ĐẤT),4201469800-002,Trần Xuân Toàn,40 Trần Phú - Phường Lộc Thọ - Thành phố Nha Trang - Khánh Hòa.
https://masothue.com/4201469800-cong-ty-tnhh-mien-nhiet-doi-nha-trang,4201469800,Dịch vụ lưu trú ngắn ngày,VĂN PHÒNG ĐẠI DIỆN - CÔNG TY TNHH MIỀN NHIỆT ĐỚI NHA TRANG,4201469800-003,VŨ TÚ ANH,"Phòng S12-tầng 29, Tòa Đông 29-01 Lotte Center Hà Nội, số 54 Liễu Giai, Phường Cống Vị, Quận Ba Đình, Thành phố Hà Nội, Việt Nam"
https://masothue.com/4201552287-cong-ty-tnhh-viet-khanh-phu,4201552287,"Sản xuất vali, túi xách và các loại tương tự, sản xuất yên đệm",CHI NHÁNH TẠI TP HỒ CHÍ MINH - CÔNG TY TNHH VIỆT KHÁNH PHÚ,4201552287-001,KIM BẢO NGỌC,"259A Hai Bà Trưng, Phường 06, Quận 3, Thành phố Hồ Chí Minh, Việt Nam"
https://masothue.com/4201552287-cong-ty-tnhh-viet-khanh-phu,4201552287,"Sản xuất vali, túi xách và các loại tương tự, sản xuất yên đệm",CÔNG TY TNHH VIỆT KHÁNH PHÚ (NỘP TIỀN THUÊ ĐẤT),4201552287-002,Mạc Hoài Nam,Lô A14-A15 Cụm Công nghiệp Diên Phú - Xã Diên Phú - Huyện Diên Khánh - Khánh Hòa.
https://masothue.com/4201552287-cong-ty-tnhh-viet-khanh-phu,4201552287,"Sản xuất vali, túi xách và các loại tương tự, sản xuất yên đệm",CHI NHÁNH CÔNG TY TNHH VIỆT KHÁNH PHÚ TẠI HÀ NỘI,4201552287-003,NGUYỄN DƯƠNG AN,"34 Hàng Thùng, Phường Hàng Bạc, Quận Hoàn Kiếm, Thành phố Hà Nội, Việt Nam"
https://masothue.com/4201552287-cong-ty-tnhh-viet-khanh-phu,4201552287,"Sản xuất vali, túi xách và các loại tương tự, sản xuất yên đệm",CÔNG TY TNHH VIỆT KHÁNH PHÚ-CỬA HÀNG 34 HÀNG THÙNG(DDKD),4201552287-004,Nguyễn Ngọc Hương,34 Hàng Thùng - Phường Hàng Bạc - Quận Hoàn Kiếm - Hà Nội.
https://masothue.com/1702186639-cong-ty-tnhh-cic-education,1702186639,Giáo dục mẫu giáo,,,,
https://masothue.com/1702192671-cong-ty-tnhh-thuong-mai-dich-vu-cic-kien-giang,1702192671,Bán lẻ khác trong các cửa hàng kinh doanh tổng hợp,,,,
https://masothue.com/0106592571-cong-ty-tnhh-san-xuat-va-thuong-mai-nguon-song,0106592571,"Chế biến, bảo quản thịt và các sản phẩm từ thịt",CÔNG TY TNHH SẢN XUẤT VÀ THƯƠNG MẠI NGUỒN SỐNG - CHI NHÁNH HÀ NỘI,0106592571-001,BÙI PHƯƠNG LINH,"NX RBF-H, khu RBF, số 108 đường Hữu Nghị Vsip Bắc Ninh, Xã Phù Chẩn, Thị xã Từ Sơn, Tỉnh Bắc Ninh, Việt Nam"
https://masothue.com/0302691723-cong-ty-tnhh-dich-vu-van-tai-quang-dung,0302691723,Vận tải hàng hóa bằng đường bộ,VĂN PHÒNG ĐẠI DIỆN CÔNG TY TNHH DỊCH VỤ VẬN TẢI QUANG DŨNG,0302691723-001,Lê Phước Thiện,"ấp Xóm Gốc, Xã Long An, Huyện Long Thành, Tỉnh Đồng Nai, Việt Nam"
https://masothue.com/0314082490-cong-ty-tnhh-feddy,0314082490,Bán buôn thực phẩm,CỬA HÀNG WYN 2 – CÔNG TY CỒ PHẦN FEDDY,0314082490-001,PHẠM NGỌC TOÀN,"409 Đường Minh Phụng, Phường 10, Quận 11, Thành phố Hồ Chí Minh, Việt Nam"
https://masothue.com/0314082490-cong-ty-tnhh-feddy,0314082490,Bán buôn thực phẩm,CÔNG TY TNHH FEDDY – CHI NHÁNH HÀ NỘI,0314082490-002,QUANG THANH CƯỜNG,"Phòng A11, tầng 3, khách sạn Pullman, số 40, phố Cát Linh, Phường Cát Linh, Quận Đống Đa, Thành phố Hà Nội, Việt Nam"
https://masothue.com/0314082490-cong-ty-tnhh-feddy,0314082490,Bán buôn thực phẩm,CÔNG TY TNHH FEDDY – CHI NHÁNH ĐỒNG NAI,0314082490-003,QUANG THANH CƯỜNG,"Khu công nghiệp Sông Mây, Xã Bắc Sơn, Huyện Trảng Bom, Tỉnh Đồng Nai, Việt Nam"
https://masothue.com/0314082490-cong-ty-tnhh-feddy,0314082490,Bán buôn thực phẩm,CÔNG TY TNHH FEDDY (DDKD),0314082490-004,Lý Anh Duy Quang,120 Dương Văn Bé - Phường Vĩnh Tuy - Quận Hai Bà Trưng - Hà Nội.
https://masothue.com/0314082490-cong-ty-tnhh-feddy,0314082490,Bán buôn thực phẩm,FEDDY HƯNG YÊN - CÔNG TY TNHH FEDDY,0314082490-007,Quang Thanh Cường,Đường 5A KCN Phố Nối A - Xã Đình Dù - Huyện Văn Lâm - Hưng Yên.
https://masothue.com/0314082490-cong-ty-tnhh-feddy,0314082490,Bán buôn thực phẩm,FEDDY LONG AN - CÔNG TY TNHH FEDDY,0314082490-008,Quang Thanh Cường,ấp 5 - Xã Nhựt Chánh - Huyện Bến Lức - Long An.
https://masothue.com/0314082490-cong-ty-tnhh-feddy,0314082490,Bán buôn thực phẩm,MAMACHOICE 01 - CÔNG TY TNHH FEDDY,0314082490-009,Trần Đăng Khoa,"115 đường số 4, khu hành chính Dĩ An - Phường Dĩ An - Thành phố Dĩ An - Bình Dương."
https://masothue.com/0314082490-cong-ty-tnhh-feddy,0314082490,Bán buôn thực phẩm,ĐỊA ĐIỂM KINH DOANH G KITCHEN 47 - CÔNG TY TNHH FEDDY,0314082490-012,Nguyễn Trường Song Pha,153 Nguyễn Thị Minh Khai - PhườngTân Đông Hiệp - Thành phố Dĩ An - Bình Dương.
https://masothue.com/0314082490-cong-ty-tnhh-feddy,0314082490,Bán buôn thực phẩm,ĐỊA ĐIỂM KINH DOANH G KITCHEN 48 - CÔNG TY TNHH FEDDY,0314082490-013,Nguyễn Trường Song Pha,21 Đinh Bộ Lĩnh - Phường Phú Cường - Thành phố Thủ Dầu Một - Bình Dương.
https://masothue.com/0900272912-cong-ty-tnhh-greenfarm-hung-yen,0900272912,Chăn nuôi lợn,,,,
https://masothue.com/3600667908-cong-ty-tnhh-tm-sx-viet-tho,3600667908,"Sản xuất thức ăn gia súc, gia cầm và thuỷ sản",,,,
https://masothue.com/3603518502-cong-ty-tnhh-che-bien-thuc-pham-dong-nai,3603518502,"Chế biến, bảo quản thịt và các sản phẩm từ thịt",,,,
https://masothue.com/4101491062-cong-ty-tnhh-linkfarm,4101491062,Chăn nuôi lợn,CÔNG TY TNHH LINKFARM - CHI NHÁNH BÌNH THUẬN,4101491062-001,ĐÀM QUANG LỘC,"Thôn 1, Xã Hồng Sơn, Huyện Hàm Thuận Bắc, Tỉnh Bình Thuận, Việt Nam"
https://masothue.com/4101491062-cong-ty-tnhh-linkfarm,4101491062,Chăn nuôi lợn,CÔNG TY TNHH LINKFARM - CHI NHÁNH ĐẮK LẮK,4101491062-002,ĐÀO LÊ VŨ,"Thôn 8, Xã Ea Huar, Huyện Buôn Đôn, Tỉnh Đắk Lắk, Việt Nam"
https://masothue.com/4101491062-cong-ty-tnhh-linkfarm,4101491062,Chăn nuôi lợn,CÔNG TY TNHH LINKFARM - VĂN PHÒNG ĐẠI DIỆN TẠI THÀNH PHỐ HỒ CHÍ MINH,4101491062-003,NGUYÊN CÔNG TUẤN,"Tầng 07, Tòa nhà Centec, 72 - 74 Nguyễn Thị Minh Khai, Phường Võ Thị Sáu, Quận 3, Thành phố Hồ Chí Minh, Việt Nam"
https://masothue.com/6400282913-cong-ty-tnhh-greenfarm-asia,6400282913,Chăn nuôi lợn,CÔNG TY TNHH GREENFARM ASIA - CHI NHÁNH ĐÔNG NAM BỘ 1,6400282913-001,ĐÀM QUANG LỘC,"Ấp 2, Xã Hòa Hội, Huyện Xuyên Mộc, Tỉnh Bà Rịa - Vũng Tàu, Việt Nam"
https://masothue.com/0315817148-cong-ty-tnhh-mot-thanh-vien-nhat-viet,0315817148,"Hoạt động của các phòng khám đa khoa, chuyên khoa và nha khoa",,,,
https://masothue.com/1101318457-cong-ty-tnhh-nguyen-hai,1101318457,Xây dựng nhà các loại,VĂN PHÒNG ĐẠI DIỆN CÔNG TY TNHH NGUYÊN HẢI,1101318457-001,NGUYỄN GIANG HẢI,"số 46 Đường 72, Phường 10, Quận 6, Thành phố Hồ Chí Minh, Việt Nam"
https://masothue.com/1101318457-cong-ty-tnhh-nguyen-hai,1101318457,Xây dựng nhà các loại,CHI NHÁNH CÔNG TY TNHH NGUYÊN HẢI,1101318457-002,NGUYỄN GIANG HẢI,"Số 833, Xa lộ Hà Nội, Phường Long Bình Tân, Thành phố Biên Hoà, Tỉnh Đồng Nai, Việt Nam"
https://masothue.com/1101888739-cong-ty-tnhh-dau-tu-san-xuat-thuong-mai-an-long,1101888739,"Kinh doanh bất động sản, quyền sử dụng đất thuộc chủ sở hữu, chủ sử dụng hoặc đi thuê",,,,
https://masothue.com/3301565672-cong-ty-tnhh-mot-thanh-vien-thuc-pham-an-long-mien-trung,3301565672,"Sản xuất dầu, mỡ động, thực vật",,,,
https://masothue.com/0108625222-cong-ty-tnhh-mtv-duoc-lieu-xanh-nam-ha,0108625222,Bán buôn đồ dùng khác cho gia đình,,,,
https://masothue.com/3002230646-cong-ty-tnhh-dau-tu-va-phat-trien-cong-nghiep-semec-ha-tinh,3002230646,"Kinh doanh bất động sản, quyền sử dụng đất thuộc chủ sở hữu, chủ sử dụng hoặc đi thuê",,,,
https://masothue.com/0107983828-cong-ty-tnhh-kieu-hoi-bac-a,0107983828,Hoạt động trung gian tiền tệ khác,VĂN PHÒNG ĐẠI DIỆN TẠI THÀNH PHỐ HỒ CHÍ MINH - CÔNG TY TNHH KIỀU HỐI BẮC Á,0107983828-001,CHÂU VĨNH HUY,"Tầng 2, Số 234B Cộng Hòa, Phường 12, Quận Tân Bình, Thành phố Hồ Chí Minh, Việt Nam"
https://masothue.com/0200669302-cong-ty-tnhh-nang-luong-hai-linh,0200669302,Kho bãi và lưu giữ hàng hóa,,,,
https://masothue.com/0200902090-cong-ty-tnhh-mot-thanh-vien-dau-khi-hai-linh-hai-phong,0200902090,"Bán buôn nhiên liệu rắn, lỏng, khí và các sản phẩm liên quan",,,,
https://masothue.com/0301223218-cong-ty-tnhh-dien-luc-hiep-phuoc,0301223218,Sản xuất điện,,,,
https://masothue.com/0317177334-cong-ty-tnhh-kinh-doanh-va-dau-tu-dau-khi-thanh-pho-ho-chi-minh,0317177334,"Bán buôn nhiên liệu rắn, lỏng, khí và các sản phẩm liên quan",,,,
https://masothue.com/0700760567-cong-ty-tnhh-mot-thanh-vien-dau-khi-hai-linh-ha-nam,0700760567,"Bán buôn nhiên liệu rắn, lỏng, khí và các sản phẩm liên quan",,,,
https://masothue.com/2300749989-cong-ty-tnhh-mot-thanh-vien-hai-linh-bac-ninh,2300749989,"Bán buôn nhiên liệu rắn, lỏng, khí và các sản phẩm liên quan",,,,
https://masothue.com/2600938313-cong-ty-tnhh-mot-thanh-vien-dau-khi-hai-linh-tay-bac,2600938313,"Bán buôn nhiên liệu rắn, lỏng, khí và các sản phẩm liên quan",,,,
https://masothue.com/3502464392-cong-ty-tnhh-mot-thanh-vien-dau-khi-hai-linh-cai-mep,3502464392,Khác,,,,
https://masothue.com/5000727556-cong-ty-trach-nhiem-huu-han-mot-thanh-vien-dau-khi-hai-linh-ha-tuyen,5000727556,"Bán buôn nhiên liệu rắn, lỏng, khí và các sản phẩm liên quan",,,,
https://masothue.com/5100469676-cong-ty-tnhh-nang-luong-hai-linh-ha-giang,5100469676,"Bán buôn nhiên liệu rắn, lỏng, khí và các sản phẩm liên quan",,,,
https://masothue.com/5200904925-cong-ty-tnhh-hai-linh-yen-bai,5200904925,"Bán buôn nhiên liệu rắn, lỏng, khí và các sản phẩm liên quan",,,,
https://masothue.com/5000891161-cong-ty-tnhh-do-thi-nong-tien,5000891161,"Kinh doanh bất động sản, quyền sử dụng đất thuộc chủ sở hữu, chủ sử dụng hoặc đi thuê",,,,
https://masothue.com/4000927715-cong-ty-tnhh-mtv-may-hiep-duc,4000927715,May trang phục (trừ trang phục từ da lông thú),,,,
https://masothue.com/1700460501-cong-ty-tnhh-bim-kien-giang,1700460501,"Chế biến, bảo quản thuỷ sản và các sản phẩm từ thuỷ sản",VĂN PHÒNG ĐẠI DIỆN CÔNG TY TNHH BIM KIÊN GIANG TẠI HÀ NỘI,1700460501-001,ĐOÀN THỊ THANH MAI,"Tầng 1 & 2, Tòa nhà Hanoi Aqua Central, số 44 đường Yên Phụ, Phường Trúc Bạch, Quận Ba Đình, Thành phố Hà Nội, Việt Nam"
https://masothue.com/2200205569-cong-ty-tnhh-vinh-thuan,2200205569,Nuôi trồng thuỷ sản nội địa,CHI NHÁNH CÔNG TY TNHH VĨNH THUẬN MỸ TƯỜNG,2200205569-001,NGUYỄN VĂN TRUNG,"Thôn Mỹ Tường, Xã Nhơn Hải, Huyện Ninh Hải, Tỉnh Ninh Thuận, Việt Nam"
https://masothue.com/0316981542-cong-ty-tnhh-dau-tu-ha-tang-phu-long,0316981542,Khác,,,,
https://masothue.com/3901222613-cong-ty-co-phan-tan-cang-tay-ninh,3901222613,Hoạt động dịch vụ hỗ trợ khác liên quan đến vận tải,,,,
https://masothue.com/3901262824-cong-ty-tnhh-mtv-tm-dv-the-thao-hai-dang,3901262824,Giáo dục khác chưa được phân vào đâu,,,,
https://masothue.com/4601534130-cong-ty-tnhh-mot-thanh-vien-tng-eco-green,4601534130,"Kinh doanh bất động sản, quyền sử dụng đất thuộc chủ sở hữu, chủ sử dụng hoặc đi thuê",,,,
https://masothue.com/4601540335-cong-ty-tnhh-tng-fashion,4601540335,May trang phục (trừ trang phục từ da lông thú),,,,
https://masothue.com/4601540430-cong-ty-tnhh-golf-yen-binh-tng,4601540430,Hoạt động của các cơ sở thể thao,,,,
https://masothue.com/4600107993-cong-ty-tnhh-natsteelvina,4600107993,Sản xuất các cấu kiện kim loại,,,,
https://masothue.com/4600107993-cong-ty-tnhh-natsteelvina,4600107993,Sản xuất các cấu kiện kim loại,,,,
https://masothue.com/4601200106-cong-ty-tnhh-hung-thai-nguyen,4601200106,"Kinh doanh bất động sản, quyền sử dụng đất thuộc chủ sở hữu, chủ sử dụng hoặc đi thuê",,,,
https://masothue.com/4601587076-cong-ty-tnhh-mtv-logistics-thai-hung,4601587076,Hoạt động dịch vụ hỗ trợ khác liên quan đến vận tải,,,,
https://masothue.com/2801078996-cong-ty-tnhh-mtv-thanh-an-lam-son,2801078996,"Cưa, xẻ, bào gỗ và bảo quản gỗ",,,,
https://masothue.com/2801751192-cong-ty-tnhh-thuc-pham-cong-nghe-cao-tam-phu-hung,2801751192,Xay xát và sản xuất bột thô,,,,
https://masothue.com/2802556317-cong-ty-tnhh-mtv-du-lich-thanh-tam,2802556317,Dịch vụ lưu trú ngắn ngày,,,,
https://masothue.com/2802618919-cong-ty-tnhh-tram-huong-thien-phuc-loc,2802618919,"Sản xuất sản phẩm khác từ gỗ; sản xuất sản phẩm từ tre, nứa, rơm, rạ và vật liệu tết bện",,,,
https://masothue.com/0317158109-cong-ty-tnhh-bat-dong-san-vas,0317158109,"Kinh doanh bất động sản, quyền sử dụng đất thuộc chủ sở hữu, chủ sử dụng hoặc đi thuê",,,,
https://masothue.com/2801067899-cong-ty-tnhh-mtv-dau-tu-va-phat-trien-ha-tang-nghi-son,2801067899,Khác,,,,
https://masothue.com/2801840237-cong-ty-tnhh-aeonmed-viet-nam,2801840237,"Sản xuất thiết bị, dụng cụ y tế, nha khoa, chỉnh hình và phục hồi chức năng",,,,
https://masothue.com/3700931137-cong-ty-tnhh-mot-thanh-vien-dien-tu-dien-quang,3700931137,Sản xuất linh kiện điện tử,,,,
https://masothue.com/0312491547-cong-ty-tnhh-nuoc-sach-ree,0312491547,"Khai thác, xử lý và cung cấp nước",,,,
https://masothue.com/0316514160-cong-ty-tnhh-nang-luong-ree,0316514160,Sản xuất điện,,,,
https://masothue.com/0317201202-cong-ty-tnhh-ree-digital,0317201202,"Xử lý dữ liệu, cho thuê và các hoạt động liên quan",,,,
https://masothue.com/2100673348-cong-ty-tnhh-dien-gio-ree-tra-vinh,2100673348,Sản xuất điện,,,,
https://masothue.com/0200856091-cong-ty-trach-nhiem-huu-han-vat-lieu-xay-dung-saint-gobain-bac-viet-nam,0200856091,"Sản xuất xi măng, vôi và thạch cao",,,,
https://masothue.com/0900251447-cong-ty-trach-nhiem-huu-han-cong-nghiep-vinh-tuong-mien-bac-viet-nam,0900251447,Sản xuất bê tông và các sản phẩm từ xi măng và thạch cao,VĂN PHÒNG ĐẠI DIỆN TẠI HÀ NỘI - CÔNG TY TRÁCH NHIỆM HỮU HẠN CÔNG NGHIỆP VĨNH TƯỜNG MIỀN BẮC VIỆT NAM,0900251447-001,ĐẶNG MINH PHƯƠNG,"Tầng 17, Tháp 1 Tòa nhà Capital Place, số 29 đường Liễu Giai, Phường Ngọc Khánh, Quận Ba Đình, Thành phố Hà Nội, Việt Nam"
https://masothue.com/0311450724-cong-ty-co-phan-xay-dung-cau-sai-gon,0311450724,Xây dựng công trình đường sắt và đường bộ,,,,
https://masothue.com/0313629237-cong-ty-trach-nhiem-huu-han-sai-gon-riverfront,0313629237,"Kinh doanh bất động sản, quyền sử dụng đất thuộc chủ sở hữu, chủ sử dụng hoặc đi thuê",,,,
https://masothue.com/0313885103-cong-ty-tnhh-dau-tu-duong-tren-cao-so-1,0313885103,Xây dựng công trình đường sắt và đường bộ,,,,
https://masothue.com/0315628599-cong-ty-trach-nhiem-huu-han-do-thi-xanh-sai-gon-long-khanh,0315628599,"Tư vấn, môi giới, đấu giá bất động sản, đấu giá quyền sử dụng đất",,,,
https://masothue.com/0316143445-cong-ty-trach-nhiem-huu-han-golden-real-estate,0316143445,"Kinh doanh bất động sản, quyền sử dụng đất thuộc chủ sở hữu, chủ sử dụng hoặc đi thuê",,,,
https://masothue.com/3801098923-cong-ty-tnhh-mot-thanh-vien-le-bao-minh,3801098923,"Sản xuất sản phẩm khác từ gỗ; sản xuất sản phẩm từ tre, nứa, rơm, rạ và vật liệu tết bện",,,,
https://masothue.com/3100978197-cong-ty-tnhh-dau-tu-533-mien-trung,3100978197,"Kinh doanh bất động sản, quyền sử dụng đất thuộc chủ sở hữu, chủ sử dụng hoặc đi thuê",,,,
https://masothue.com/4300340364-cong-ty-tnhh-huong-tra,4300340364,Khai khoáng khác chưa được phân vào đâu,,,,
https://masothue.com/0304188032-cong-ty-tnhh-mot-thanh-vien-dich-vu-nam-long,0304188032,"Tư vấn, môi giới, đấu giá bất động sản, đấu giá quyền sử dụng đất",CHI NHÁNH CÔNG TY CỔ PHẦN DỊCH VỤ NAM LONG SÀI GÒN - HUẾ,0304188032-001,BÙI ANH TUẤN,"144 Lê Duẩn, thành phố Huế, tỉnh Thừa Thiên Huế, Thành phố Huế, Tỉnh Thừa Thiên Huế, Việt Nam"
https://masothue.com/0315925986-cong-ty-tnhh-mot-thanh-vien-dich-vu-van-tai-nam-long,0315925986,"Vận tải hành khách bằng xe buýt giữa nội thành và ngoại thành, liên tỉnh",,,,
https://masothue.com/0316366924-cong-ty-tnhh-quan-ly-xay-dung-va-dau-tu-nam-long,0316366924,Hoạt động tư vấn quản lý,,,,
https://masothue.com/0317056114-cong-ty-tnhh-dau-tu-nam-phat-land,0317056114,Khác,,,,
https://masothue.com/0317099485-cong-ty-tnhh-nam-long-commercial,0317099485,"Kinh doanh bất động sản, quyền sử dụng đất thuộc chủ sở hữu, chủ sử dụng hoặc đi thuê",,,,
https://masothue.com/3600674750-cong-ty-tnhh-mot-thanh-vien-be-tong-phan-vu-dong-nai,3600674750,Sản xuất bê tông và các sản phẩm từ xi măng và thạch cao,ĐỊA ĐIỂM KINH DOANH CÔNG TY TNHH MỘT THÀNH VIÊN BÊ TÔNG PHAN VŨ - ĐỒNG NAI TẠI LONG AN,3600674750-001,Lê Thị Thanh Thủy,"Đường 830, ấp 4, - Xã Lương Bình - Huyện Bến Lức - Long An."
https://masothue.com/0301443238-cong-ty-tnhh-mot-thanh-vien-san-xuat-xay-dung-phan-vu,0301443238,Sản xuất các cấu kiện kim loại,VĂN PHÒNG ĐẠI DIỆN CÔNG TY TNHH MỘT THÀNH VIÊN SẢN XUẤT XÂY DỰNG PHAN VŨ,0301443238-001,NGUYỄN SỸ HOÀNG,"Số 11A Trường Sơn, Phường 4, Quận Tân Bình, Thành phố Hồ Chí Minh, Việt Nam"
https://masothue.com/0301443238-cong-ty-tnhh-mot-thanh-vien-san-xuat-xay-dung-phan-vu,0301443238,Sản xuất các cấu kiện kim loại,CHI NHÁNH CÔNG TY TNHH MỘT THÀNH VIÊN SẢN XUẤT XÂY DỰNG PHAN VŨ,0301443238-002,Trương Chí Nhân,"Số 20, đường ĐT 743, Khu công nghiệp Sóng thần 2 - - Thành phố Dĩ An - Bình Dương."
https://masothue.com/0301443238-cong-ty-tnhh-mot-thanh-vien-san-xuat-xay-dung-phan-vu,0301443238,Sản xuất các cấu kiện kim loại,CHI NHÁNH CÔNG TY TNHH SX & XD PHAN VŨ,0301443238-003,Bùi Đức Thông,ấp 2 Xã Phước Khánh - - Huyện Nhơn Trạch - Đồng Nai.
https://masothue.com/1101844273-cong-ty-tnhh-xay-dung-ha-tang-phan-vu,1101844273,Sản xuất bê tông và các sản phẩm từ xi măng và thạch cao,,,,
https://masothue.com/1800575746-cong-ty-tnhh-mot-thanh-vien-be-tong-phan-vu-can-tho,1800575746,Sản xuất bê tông và các sản phẩm từ xi măng và thạch cao,ĐỊA ĐIỂM KINH DOANH CÔNG TY TNHH MỘT THÀNH VIÊN BÊ TÔNG PHAN VŨ CẦN THƠ TẠI LONG AN,1800575746-001,Nguyễn Tiến Thành,"Đường tỉnh 830, ấp 4, - Xã Lương Bình - Huyện Bến Lức - Long An."
https://masothue.com/3100943483-cong-ty-tnhh-be-tong-phan-vu-quang-binh,3100943483,Sản xuất bê tông và các sản phẩm từ xi măng và thạch cao,ĐỊA ĐIỂM KINH DOANH CÔNG TY TNHH BÊ TÔNG PHAN VŨ QUẢNG BÌNH TẠI LONG AN,3100943483-001,Nguyễn Quốc Hiếu,"Đường 830, ấp 4, - Xã Lương Bình - Huyện Bến Lức - Long An."
https://masothue.com/3600674750-cong-ty-tnhh-mot-thanh-vien-be-tong-phan-vu-dong-nai,3600674750,Sản xuất bê tông và các sản phẩm từ xi măng và thạch cao,ĐỊA ĐIỂM KINH DOANH CÔNG TY TNHH MỘT THÀNH VIÊN BÊ TÔNG PHAN VŨ - ĐỒNG NAI TẠI LONG AN,3600674750-001,Lê Thị Thanh Thủy,"Đường 830, ấp 4, - Xã Lương Bình - Huyện Bến Lức - Long An."
https://masothue.com/5900407118-cong-ty-trach-nhiem-huu-han-mot-thanh-vien-dau-tu-xay-dung-dien-phan-vu,5900407118,Xây dựng công trình kỹ thuật dân dụng khác,ĐỊA ĐIỂM KINH DOANH CÔNG TY TNHH MỘT THÀNH VIÊN ĐẦU TƯ XÂY DỰNG ĐIỆN PHAN VŨ TẠI LONG AN,5900407118-001,Đặng Quang Hào,"Đường 830, ấp 4 - Xã Lương Bình - Huyện Bến Lức - Long An."
https://masothue.com/6300053395-cong-ty-tnhh-mot-thanh-vien-co-gioi-viet,6300053395,Hoàn thiện công trình xây dựng,VPĐD CÔNG TY CỔ PHẦN THI CÔNG CƠ GIỚI VIỆT (TỈNH HẬU GIANG),6300053395-001,ĐỖ ĐỊNH HƯNG,"29 Nguyễn Văn Giai, Phường Đa Kao, Quận 1, Thành phố Hồ Chí Minh, Việt Nam"
https://masothue.com/0309208839-cong-ty-tnhh-mot-thanh-vien-smc-hiep-phuoc,0309208839,Sản xuất khác chưa được phân vào đâu,,,,
https://masothue.com/0401921255-cong-ty-tnhh-mtv-smc-da-nang,0401921255,Gia công cơ khí; xử lý và tráng phủ kim loại,,,,
https://masothue.com/3500801878-cong-ty-trach-nhiem-huu-han-thep-smc,3500801878,Bán buôn kim loại và quặng kim loại,,,,
https://masothue.com/3500974084-cong-ty-trach-nhiem-huu-han-mot-thanh-vien-co-khi-thep-smc,3500974084,Bán buôn kim loại và quặng kim loại,,,,
https://masothue.com/3502048586-cong-ty-tnhh-smc-summit,3502048586,Bán buôn tổng hợp,VĂN PHÒNG ĐẠI DIỆN CÔNG TY TNHH SMC - SUMMIT TẠI THÀNH PHỐ HỒ CHÍ MINH,3502048586-001,Phạm Đức Thắng,"394 Ung Văn Khiêm, Phường 25, Quận Bình Thạnh, Thành phố Hồ Chí Minh, Việt Nam"
https://masothue.com/3502276222-cong-ty-tnhh-smc-toami,3502276222,"Sản xuất sắt, thép, gang",VĂN PHÒNG ĐẠI DIỆN CÔNG TY TNHH SMC TOAMI TẠI TPHCM,3502276222-001,TAKENO KENJI,"Số 124, Đường Ung Văn Khiêm, Phường 25, Quận Bình Thạnh, Thành phố Hồ Chí Minh, Việt Nam"
https://masothue.com/3502280821-cong-ty-tnhh-lien-doanh-ong-thep-sendo,3502280821,"Sản xuất sắt, thép, gang",VĂN PHÒNG ĐẠI DIỆN CÔNG TY TNHH LIÊN DOANH ỐNG THÉP SENDO TẠI THÀNH PHỐ HỒ CHÍ MINH,3502280821-001,VÕ HOÀNG VŨ,"số 396, đường Ung Văn Khiêm, Phường 25, Quận Bình Thạnh, Thành phố Hồ Chí Minh, Việt Nam"
https://masothue.com/3502446040-cong-ty-tnhh-co-khi-chinh-xac-smc-phu-my,3502446040,Gia công cơ khí; xử lý và tráng phủ kim loại,,,,
https://masothue.com/3502446058-cong-ty-tnhh-gia-cong-thep-smc-phu-my,3502446058,Gia công cơ khí; xử lý và tráng phủ kim loại,,,,
https://masothue.com/3502447502-cong-ty-tnhh-vssc-steel-center,3502447502,Gia công cơ khí; xử lý và tráng phủ kim loại,,,,
https://masothue.com/3502473485-cong-ty-tnhh-thiet-bi-tu-dong-smc-phu-my,3502473485,Sản xuất máy công cụ và máy tạo hình kim loại,,,,
https://masothue.com/0316005597-cong-ty-co-phan-quan-ly-va-dau-tu-son-lam,0316005597,Hoạt động tư vấn quản lý,,,,
https://masothue.com/0316169644-cong-ty-tnhh-hoosiers-living-service-viet-nam,0316169644,"Tư vấn, môi giới, đấu giá bất động sản, đấu giá quyền sử dụng đất",,,,
https://masothue.com/0316636874-cong-ty-tnhh-ricons-e-c,0316636874,Xây dựng công trình kỹ thuật dân dụng khác,,,,
https://masothue.com/0316806269-cong-ty-tnhh-tc-commerce,0316806269,Cổng thông tin,,,,
https://masothue.com/0500550876-cong-ty-lien-doanh-tnhh-phat-trien-do-thi-moi-an-khanh,0500550876,"Kinh doanh bất động sản, quyền sử dụng đất thuộc chủ sở hữu, chủ sử dụng hoặc đi thuê",,,,
https://masothue.com/0305831640-cong-ty-tnhh-cong-nghe-cao-lotte-hpt-viet-nam,0305831640,"Bán buôn máy vi tính, thiết bị ngoại vi và phần mềm",VĂN PHÒNG ĐẠI DIỆN CÔNG TY TNHH CÔNG NGHỆ CAO LOTTE-HPT VIỆT NAM TẠI THÀNH PHỐ HÀ NỘI,0305831640-001,Yang Sangguen,"Tầng 31, tòa nhà Lotte Center Hà Nội, 54 Liễu Giai, Phường Cống Vị, Quận Ba Đình, Thành phố Hà Nội, Việt Nam"
https://masothue.com/0302751838-cong-ty-tnhh-toyota-ly-thuong-kiet,0302751838,Khác,CHI NHÁNH CÔNG TY TNHH TOYOTA LÝ THƯỜNG KIỆT TẠI TÂN PHÚ - THÀNH PHỐ HỒ CHÍ MINH,0302751838-001,DƯƠNG THANH NHÃ,"Số 188 Lê Trọng Tấn, Phường Tây Thạnh, Quận Tân Phú, Thành phố Hồ Chí Minh, Việt Nam"
https://masothue.com/0302751838-cong-ty-tnhh-toyota-ly-thuong-kiet,0302751838,Khác,CHI NHÁNH CÔNG TY TNHH TOYOTA LÝ THƯỜNG KIỆT TẠI TÂY NINH,0302751838-002,DƯƠNG THANH NHÃ,"Số 50 Đường Hoàng Lê Kha, khu phố 3, Phường 3, Thành phố Tây Ninh, Tỉnh Tây Ninh, Việt Nam"
https://masothue.com/0302751838-cong-ty-tnhh-toyota-ly-thuong-kiet,0302751838,Khác,CHI NHÁNH CÔNG TY TNHH TOYOTA LÝ THƯỜNG KIỆT TẠI TÂN BÌNH,0302751838-003,DƯƠNG THANH NHÃ,"Số 151A Đường Lý Thường Kiệt, Phường 6, Quận Tân Bình, Thành phố Hồ Chí Minh, Việt Nam"
https://masothue.com/0302751838-cong-ty-tnhh-toyota-ly-thuong-kiet,0302751838,Khác,CHI NHÁNH CÔNG TY TNHH TOYOTA LÝ THƯỜNG KIỆT TẠI TÂN SƠN NHẤT,0302751838-004,DƯƠNG THANH NHÃ,"Số 682A Đường Trường Chinh, Phường 15, Quận Tân Bình, Thành phố Hồ Chí Minh, Việt Nam"
https://masothue.com/1101940058-cong-ty-tnhh-tm-dv-o-to-dong-hiep,1101940058,Đại lý ô tô và xe có động cơ khác,,,,
https://masothue.com/1800662639-cong-ty-trach-nhiem-huu-han-toyota-can-tho,1800662639,Bán lẻ ô tô con (loại 12 chỗ ngồi trở xuống),CÔNG TY TRÁCH NHIỆM HỮU HẠN TOYOTA CẦN THƠ - CHI NHÁNH AN GIANG,1800662639-001,NGUYỄN ĐỨC QUANG,"1785 Trần Hưng Đạo, Phường Mỹ Quý, Thành phố Long Xuyên , Tỉnh An Giang, Việt Nam"
https://masothue.com/5801392333-cong-ty-tnhh-o-to-lam-dong,5801392333,Bán lẻ ô tô con (loại 12 chỗ ngồi trở xuống),,,,
https://masothue.com/0103053042-cong-ty-tnhh-mot-thanh-vien-duoc-lieu-tw2,0103053042,Bán buôn đồ dùng khác cho gia đình,CHI NHÁNH CÔNG TY TNHH MỘT THÀNH VIÊN DƯỢC LIỆU TW2,0103053042-002,TRẦN THỌ THÀNH,"Lô 5, khu công nghiệp Tân Hồng - Hoàn Sơn, Phường Tân Hồng, Thị xã Từ Sơn, Tỉnh Bắc Ninh, Việt Nam"
https://masothue.com/0310774349-cong-ty-tnhh-duoc-lieu-trung-uong-2-phytopharma-sai-gon,0310774349,Bán buôn đồ dùng khác cho gia đình,,,,
https://masothue.com/0315385579-cong-ty-tnhh-phyto-land,0315385579,"Kinh doanh bất động sản, quyền sử dụng đất thuộc chủ sở hữu, chủ sử dụng hoặc đi thuê",,,,
https://masothue.com/0305484958-cong-ty-tnhh-iss-gemadept,0305484958,Hoạt động dịch vụ hỗ trợ khác liên quan đến vận tải,CHI NHÁNH CÔNG TY TNHH ISS - GEMADEPT TẠI HẢI PHÒNG,0305484958-001,Đỗ Trần Trúc Khanh,"Tầng 6, toà nhà Harbour View, Số 12 Trần Phú, Phường Máy Tơ, Quận Ngô Quyền, Thành phố Hải Phòng, Việt Nam"
https://masothue.com/0313059594-cong-ty-tnhh-tiep-van-k-line-gemadept,0313059594,Vận tải hàng hóa bằng đường bộ,CÔNG TY TNHH TIẾP VẬN “K”LINE-GEMADEPT - CHI NHÁNH LONG AN,0313059594-001,DAISUKE YASEO,"Lô N-8, Đường số 4, KCN Long Hậu mở rộng, ấp 3, Xã Long Hậu, Huyện Cần Giuộc, Tỉnh Long An, Việt Nam"
https://masothue.com/0314492497-cong-ty-tnhh-cj-gemadept-shipping-holdings,0314492497,Hoạt động tư vấn quản lý,,,,
https://masothue.com/0314546921-cong-ty-tnhh-cj-gemadept-logistics-holdings,0314546921,Kho bãi và lưu giữ hàng hóa,,,,
https://masothue.com/,0303852860,Khác,,,,
https://masothue.com/0304820928-cong-ty-tnhh-dich-vu-dong-duong,0304820928,Hoạt động dịch vụ hỗ trợ khác liên quan đến vận tải,VĂN PHÒNG ĐẠI DIỆN HÀ NỘI - CÔNG TY TNHH DỊCH VỤ ĐÔNG DƯƠNG,0304820928-001,LÊ ĐỨC KHÔI,"Số 9 phố Đào Duy Anh, Phường Phương Mai, Quận Đống Đa, Thành phố Hà Nội, Việt Nam"
https://masothue.com/0306320783-nguyen-minh-thong,0306320783,Hoạt động dịch vụ hỗ trợ khác liên quan đến vận tải,VĂN PHÒNG ĐẠI DIỆN CÔNG TY TNHH ĐẠI LÝ TOÀN CẦU TẠI HÀ NỘI,0306320783-001,NGUYỄN THỊ VÂN CHI,"Phòng 1308A, tòa nhà Bắc Á, số 9, đường Đào Duy Anh, Phường Phương Mai, Quận Đống Đa, Thành phố Hà Nội, Việt Nam"
https://masothue.com/0306320783-nguyen-minh-thong,0306320783,Hoạt động dịch vụ hỗ trợ khác liên quan đến vận tải,CHI NHÁNH CÔNG TY TNHH ĐẠI LÝ TOÀN CẦU,0306320783-002,NGUYỄN THỊ VÂN CHI,"Tòa nhà Resco, số 94-96 Nguyễn Du, Phường Bến Nghé, Quận 1, Thành phố Hồ Chí Minh, Việt Nam"
https://masothue.com/0306320783-nguyen-minh-thong,0306320783,Hoạt động dịch vụ hỗ trợ khác liên quan đến vận tải,CHI NHÁNH HÀ NỘI - CÔNG TY TNHH ĐẠI LÝ TOÀN CẦU,0306320783-003,NGUYỄN THỊ VÂN CHI,"Tòa nhà Ocean Park, số 1 Đào Duy Anh , Phường Phương Mai, Quận Đống Đa, Thành phố Hà Nội, Việt Nam"
https://masothue.com/0306320783-nguyen-minh-thong,0306320783,Hoạt động dịch vụ hỗ trợ khác liên quan đến vận tải,CÔNG TY TNHH ĐẠI LÝ TOÀN CẦU - CHI NHÁNH ĐÀ NẴNG,0306320783-004,NGUYỄN THỊ VÂN CHI,"Tầng 6, tòa nhà ACB Đà Nẵng, 218 Bạch Đằng, Phường Phước Ninh, Quận Hải Châu, Thành phố Đà Nẵng, Việt Nam"
https://masothue.com/0310758587-cong-ty-tnhh-mtv-golden-north-star-investment,0310758587,Kho bãi và lưu giữ hàng hóa,CHI NHÁNH HÀ NỘI - CÔNG TY TNHH MỘT THÀNH VIÊN ĐẠI LÝ VẬN TẢI ITL,0310758587-001,LÊ ĐỨC KHÔI,"Số 1 Đào Duy Anh, Phường Phương Mai, Quận Đống Đa, Thành phố Hà Nội, Việt Nam"
https://masothue.com/0310914187-cong-ty-tnhh-logistics-mlc-itl,0310914187,Hoạt động dịch vụ hỗ trợ khác liên quan đến vận tải,CÔNG TY TNHH LOGISTICS MLC ITL - CHI NHÁNH HÀ NỘI,0310914187-001,ASAEDA YUSUKE,"Số 1 Đào Duy Anh, Phường Phương Mai, Quận Đống Đa, Thành phố Hà Nội, Việt Nam"
https://masothue.com/0311253204-cong-ty-tnhh-dash-logistics,0311253204,Vận tải hàng hóa bằng đường bộ,CÔNG TY TNHH DASH LOGISTICS - CHI NHÁNH TẠI BẮC NINH,0311253204-001,LÊ ĐỨC KHÔI,"Đường TS5, khu công nghiệp Tiên Sơn, Xã Hoàn Sơn, Huyện Tiên Du, Tỉnh Bắc Ninh, Việt Nam"
https://masothue.com/0312191617-cong-ty-tnhh-speedlink,0312191617,Chuyển phát,VĂN PHÒNG ĐẠI DIỆN TẠI ĐÀ NẴNG - CÔNG TY TNHH SPEEDLINK,0312191617-001,NGUYỄN THỊ KIM OANH,"146 Duy Tân, Phường Hoà Thuận Tây, Quận Hải Châu, Thành phố Đà Nẵng, Việt Nam"
https://masothue.com/0312191617-cong-ty-tnhh-speedlink,0312191617,Chuyển phát,VĂN PHÒNG ĐẠI DIỆN HÀ NỘI - CÔNG TY TNHH SPEEDLINK,0312191617-002,LÊ ĐỨC KHÔI,"Số 05 ngõ 487 đường Hoàng Quốc Việt, Phường Nghĩa Tân, Quận Cầu Giấy, Thành phố Hà Nội, Việt Nam"
https://masothue.com/0312191617-cong-ty-tnhh-speedlink,0312191617,Chuyển phát,VĂN PHÒNG ĐẠI DIỆN CÔNG TY TNHH SPEEDLINK TẠI LÂM ĐỒNG,0312191617-003,NGUYỄN THỊ KIM OANH,"Số 76 đường Phù Đổng Thiên Vương, Phường 8, Thành phố Đà Lạt, Tỉnh Lâm Đồng, Việt Nam"
https://masothue.com/0312191617-cong-ty-tnhh-speedlink,0312191617,Chuyển phát,VĂN PHÒNG ĐẠI DIỆN CÔNG TY TNHH SPEEDLINK TẠI THỪA THIÊN HUẾ,0312191617-004,PHẠM VĂN TUYỀN,"57 Lê Minh, Phường An Đông, Thành phố Huế, Tỉnh Thừa Thiên Huế, Việt Nam"
https://masothue.com/0312191617-cong-ty-tnhh-speedlink,0312191617,Chuyển phát,VĂN PHÒNG ĐẠI DIỆN CÔNG TY TNHH SPEEDLINK TẠI GIA LAI,0312191617-005,NGUYỄN THỊ KIM OANH,"22 Nguyễn Viết Xuân, Phường Hội Phú, Thành phố Pleiku, Tỉnh Gia Lai, Việt Nam"
https://masothue.com/0312191617-cong-ty-tnhh-speedlink,0312191617,Chuyển phát,VĂN PHÒNG ĐẠI DIỆN CÔNG TY TNHH SPEEDLINK TẠI BÌNH ĐỊNH,0312191617-006,Nguyễn Thị Kim Oanh,"Số 15 đường Võ Văn Dũng, Phường Ngô Mây, Thành phố Quy Nhơn, Tỉnh Bình Định, Việt Nam"
https://masothue.com/0312191617-cong-ty-tnhh-speedlink,0312191617,Chuyển phát,VĂN PHÒNG ĐẠI DIỆN CÔNG TY TNHH SPEEDLINK TẠI ĐẮK LẮK,0312191617-007,NGUYỄN THỊ KIM OANH,"Số 164 đường Ngô Quyền, Phường Tân An, TP.Buôn Ma Thuột, Tỉnh Đắk Lắk, Việt Nam"
https://masothue.com/0312191617-cong-ty-tnhh-speedlink,0312191617,Chuyển phát,VĂN PHÒNG ĐẠI DIỆN CÔNG TY TNHH SPEEDLINK TẠI KHÁNH HÒA,0312191617-008,PHẠM VĂN TUYỀN,"Lô số 75 đường A6 khu đô thị VCN Phước Hải, Phường Phước Hải, Thành phố Nha Trang, Tỉnh Khánh Hòa, Việt Nam"
https://masothue.com/0312191617-cong-ty-tnhh-speedlink,0312191617,Chuyển phát,VĂN PHÒNG ĐẠI DIỆN - CÔNG TY TNHH SPEEDLINK TẠI QUẢNG NAM,0312191617-009,NGUYỄN THỊ KIM OANH,"48 Duy Tân, Phường Hòa Hương, Thành phố Tam Kỳ, Tỉnh Quảng Nam, Việt Nam"
https://masothue.com/0312191617-cong-ty-tnhh-speedlink,0312191617,Chuyển phát,VĂN PHÒNG ĐẠI DIỆN CÔNG TY TNHH SPEEDLINK TẠI HẢI DƯƠNG,0312191617-010,NGUYỄN THỊ KIM OANH,"226 Trần Hưng Đạo, Phường Ngọc Châu, Thành phố Hải Dương, Tỉnh Hải Dương, Việt Nam"
https://masothue.com/0312191617-cong-ty-tnhh-speedlink,0312191617,Chuyển phát,VĂN PHÒNG ĐẠI DIỆN CÔNG TY TNHH SPEEDLINK TẠI ĐỒNG NAI,0312191617-011,NGUYỄN THỊ KIM OANH,"Số 60S2, khu dân cư An Bình, Phường An Bình, Thành phố Biên Hoà, Tỉnh Đồng Nai, Việt Nam"
https://masothue.com/0312191617-cong-ty-tnhh-speedlink,0312191617,Chuyển phát,VĂN PHÒNG ĐẠI DIỆN TẠI HÀ NAM CÔNG TY TNHH SPEEDLINK,0312191617-012,NGUYỄN THỊ KIM OANH,"176 Đinh Tiên Hoàng, Tổ 1, Phường Thanh Châu, Thành phố Phủ Lý, Tỉnh Hà Nam, Việt Nam"
https://masothue.com/0312191617-cong-ty-tnhh-speedlink,0312191617,Chuyển phát,VĂN PHÒNG ĐẠI DIỆN TẠI THÀNH PHỐ HỒ CHÍ MINH CÔNG TY TNHH SPEEDLINK,0312191617-013,PHẠM VĂN TUYỀN,"77 Bạch Đằng, Phường 2, Quận Tân Bình, Thành phố Hồ Chí Minh, Việt Nam"
https://masothue.com/0312191617-cong-ty-tnhh-speedlink,0312191617,Chuyển phát,"CHI NHÁNH TẠI HOÀN KIẾM, HÀ NỘI - CÔNG TY TNHH SPEEDLINK",0312191617-014,AMANDA JONES RASMUSSEN,"Số 465 phố Hồng Hà, Phường Phúc Tân, Quận Hoàn Kiếm, Thành phố Hà Nội, Việt Nam"
https://masothue.com/0312191617-cong-ty-tnhh-speedlink,0312191617,Chuyển phát,VĂN PHÒNG ĐẠI DIỆN CÔNG TY TNHH SPEEDLINK TẠI HẢI PHÒNG,0312191617-015,AMANDA JONES RASMUSSEN,"Số 6 đường Lê Thánh Tông, Phường Máy Chai, Quận Ngô Quyền, Thành phố Hải Phòng, Việt Nam"
https://masothue.com/0312191617-cong-ty-tnhh-speedlink,0312191617,Chuyển phát,VĂN PHÒNG ĐẠI DIỆN CÔNG TY TNHH SPEEDLINK TẠI NAM ĐỊNH,0312191617-016,AMANDA JONES RASMUSSEN,"700 Điện Biên, Xã Lộc Hoà, Thành phố Nam Định, Tỉnh Nam Định, Việt Nam"
https://masothue.com/0312191617-cong-ty-tnhh-speedlink,0312191617,Chuyển phát,VĂN PHÒNG ĐẠI DIỆN CÔNG TY TNHH SPEEDLINK TẠI HƯNG YÊN,0312191617-017,AMANDA JONES RASMUSSEN,"Đường 380 thôn Yên Tập, Xã Nhân Hòa, Thị xã Mỹ Hào, Tỉnh Hưng Yên, Việt Nam"
https://masothue.com/0312191617-cong-ty-tnhh-speedlink,0312191617,Chuyển phát,"VĂN PHÒNG ĐẠI DIỆN TẠI GIA LÂM, HÀ NỘI - CÔNG TY TNHH SPEEDLINK",0312191617-018,AMANDA JONES RASMUSSEN,"Bãi ga hàng Yên Viên, Thị Trấn Yên Viên, Huyện Gia Lâm, Thành phố Hà Nội, Việt Nam"
https://masothue.com/0312191617-cong-ty-tnhh-speedlink,0312191617,Chuyển phát,"VĂN PHÒNG ĐẠI DIỆN TẠI THANH XUÂN, HÀ NỘI - CÔNG TY TNHH SPEEDLINK",0312191617-019,AMANDA JONES RASMUSSEN,"Số 46 phố Phương Liệt, Phường Phương Liệt, Quận Thanh Xuân, Thành phố Hà Nội, Việt Nam"
https://masothue.com/0312191617-cong-ty-tnhh-speedlink,0312191617,Chuyển phát,VĂN PHÒNG ĐẠI DIỆN BÌNH DƯƠNG - CÔNG TY TNHH SPEEDLINK,0312191617-020,AMANDA JONES RASMUSSEN,"8/434 DT 743, khu phố Bình Đáng, Phường Bình Hòa, Thành phố Thuận An, Tỉnh Bình Dương, Việt Nam"
https://masothue.com/0312191617-cong-ty-tnhh-speedlink,0312191617,Chuyển phát,CHI NHÁNH CẦN THƠ CÔNG TY TNHH SPEEDLINK,0312191617-021,AMANDA JONES RASMUSSEN,"8 Trần Xuân Hoài, Phường Xuân Khánh, Quận Ninh Kiều, Thành phố Cần Thơ, Việt Nam"
https://masothue.com/0312191617-cong-ty-tnhh-speedlink,0312191617,Chuyển phát,VĂN PHÒNG ĐẠI DIỆN TẠI BẮC NINH - CÔNG TY TNHH SPEEDLINK,0312191617-022,AMANDA JONES RASMUSSEN,"409 Nguyễn Trãi, khu Bồ Sơn, Phường Võ Cường, Thành phố Bắc Ninh, Tỉnh Bắc Ninh, Việt Nam"
https://masothue.com/0312191617-cong-ty-tnhh-speedlink,0312191617,Chuyển phát,VĂN PHÒNG ĐẠI DIỆN CÔNG TY TNHH SPEEDLINK TẠI QUẢNG NGÃI,0312191617-023,NGUYỄN THỊ KIM OANH,"31 Nguyễn Nghiêm, Phường Nguyễn Nghiêm, Thành phố Quảng Ngãi, Tỉnh Quảng Ngãi, Việt Nam"
https://masothue.com/0312952685-cong-ty-tnhh-logistics-techhub,0312952685,Cổng thông tin,,,,
https://masothue.com/0313469086-cong-ty-tnhh-giao-nhan-viet-trans-link,0313469086,Hoạt động dịch vụ hỗ trợ khác liên quan đến vận tải,CHI NHÁNH HÀ NỘI - CÔNG TY TNHH GIAO NHẬN VIET TRANS LINK,0313469086-001,LÊ ĐỨC KHÔI,"Phòng số 4 và 5, Tầng 10, tòa nhà Charmvit, 117 Trần Duy Hưng, Phường Trung Hoà, Quận Cầu Giấy, Thành phố Hà Nội, Việt Nam"
https://masothue.com/0314232322-cong-ty-tnhh-viet-air-consol,0314232322,Hoạt động dịch vụ hỗ trợ khác liên quan đến vận tải,VĂN PHÒNG ĐẠI DIỆN HÀ NỘI - CÔNG TY TNHH VIET AIR CONSOL,0314232322-001,Tô Hoàng Anh,"Tầng 19, Tòa nhà Charmvit, 117 Trần Duy Hưng, Phường Trung Hoà, Quận Cầu Giấy, Thành phố Hà Nội, Việt Nam"
https://masothue.com/0314499774-cong-ty-tnhh-itl-global,0314499774,Hoạt động dịch vụ hỗ trợ khác liên quan đến vận tải,,,,
https://masothue.com/0315295082-cong-ty-tnhh-north-star-logistics,0315295082,Kho bãi và lưu giữ hàng hóa,,,,
https://masothue.com/0317203224-cong-ty-tnhh-itl-vsip,0317203224,Kho bãi và lưu giữ hàng hóa,,,,
https://masothue.com/0401969722-cong-ty-tnhh-mot-thanh-vien-itl-logistics-da-nang,0401969722,Kho bãi và lưu giữ hàng hóa,,,,
https://masothue.com/3702650075-cong-ty-tnhh-itl-binh-duong,3702650075,Hoạt động dịch vụ hỗ trợ khác liên quan đến vận tải,,,,
https://masothue.com/0107708701-cong-ty-tnhh-van-chuyen-tam-nhin-viet-nam,0107708701,Hoạt động dịch vụ hỗ trợ khác liên quan đến vận tải,,,,
https://masothue.com/0107967022-cong-ty-tnhh-dau-tu-va-tiep-van-thu-do,0107967022,Hoạt động dịch vụ hỗ trợ khác liên quan đến vận tải,,,,
https://masothue.com/0109978911-cong-ty-tnhh-giai-phap-chuoi-cung-ung-con-ong,0109978911,Hoạt động dịch vụ hỗ trợ khác liên quan đến vận tải,,,,
https://masothue.com/0313081455-cong-ty-tnhh-nankai-agl-viet-nam,0313081455,Hoạt động dịch vụ hỗ trợ khác liên quan đến vận tải,,,,
https://masothue.com/0310516806-cong-ty-co-phan-meiji,0310516806,Hoạt động tư vấn quản lý,,,,
https://masothue.com/0316076125-cong-ty-tnhh-masan-hpc,0316076125,Bán buôn tổng hợp,,,,
https://masothue.com/0316630008-cong-ty-tnhh-masan-innovation,0316630008,Bán buôn thực phẩm,,,,
https://masothue.com/0105906169-cong-ty-co-phan-dich-vu-nen-di-dong-viet-nam,0105906169,Hoạt động dịch vụ tài chính khác chưa được phân vào đâu (trừ bảo hiểm và bảo hiểm xã hội),CHI NHÁNH TẠI THÀNH PHỐ HỒ CHÍ MINH CÔNG TY CỔ PHẦN DỊCH VỤ NỀN DI ĐỘNG VIỆT NAM,0105906169-001,ĐỖ QUỐC TUẤN,"L17-11, Tầng 17, Tòa nhà Vincom Center, 72 Lê Thánh Tôn, Phường Bến Nghé, Quận 1, Thành phố Hồ Chí Minh, Việt Nam"
https://masothue.com/0105906169-cong-ty-co-phan-dich-vu-nen-di-dong-viet-nam,0105906169,Hoạt động dịch vụ tài chính khác chưa được phân vào đâu (trừ bảo hiểm và bảo hiểm xã hội),CHI NHÁNH TẠI THÀNH PHỐ ĐÀ NẴNG CÔNG TY CỔ PHẦN DỊCH VỤ NỀN DI ĐỘNG VIỆT NAM,0105906169-002,NGUYỄN NAM KHÁNH,"Tầng 9, số 38 Yên Bái, Phường Hải Châu I, Quận Hải Châu, Thành phố Đà Nẵng, Việt Nam"
https://masothue.com/0105906169-cong-ty-co-phan-dich-vu-nen-di-dong-viet-nam,0105906169,Hoạt động dịch vụ tài chính khác chưa được phân vào đâu (trừ bảo hiểm và bảo hiểm xã hội),CHI NHÁNH TẠI THÀNH PHỐ CẦN THƠ - CÔNG TY CỔ PHẦN DỊCH VỤ NỀN DI ĐỘNG VIỆT NAM,0105906169-003,TRƯƠNG THANH THẢO,"30A, Hoàng Văn Thái, KDC Hưng Phú 1, Phường Hưng Phú, Quận Cái Răng, Thành phố Cần Thơ, Việt Nam"
https://masothue.com/0105906169-cong-ty-co-phan-dich-vu-nen-di-dong-viet-nam,0105906169,Hoạt động dịch vụ tài chính khác chưa được phân vào đâu (trừ bảo hiểm và bảo hiểm xã hội),CHI NHÁNH TẠI THÀNH PHỐ HẢI PHÒNG CÔNG TY CỔ PHẦN DỊCH VỤ NỀN DI ĐỘNG VIỆT NAM,0105906169-004,ĐẶNG QUANG BÍCH,"Khu Phú Hải, Phường Anh Dũng, Quận Dương Kinh, Thành phố Hải Phòng, Việt Nam"
https://masothue.com/0105906169-cong-ty-co-phan-dich-vu-nen-di-dong-viet-nam,0105906169,Hoạt động dịch vụ tài chính khác chưa được phân vào đâu (trừ bảo hiểm và bảo hiểm xã hội),CHI NHÁNH TẠI THÀNH PHỐ HUẾ - CÔNG TY CỔ PHẦN DỊCH VỤ NỀN DI ĐỘNG VIỆT NAM,0105906169-005,HỒ HẢI BẰNG,"Tầng 8 tòa nhà HCC - 28 Lý Thường Kiệt, Phường Vĩnh Ninh, Thành phố Huế, Tỉnh Thừa Thiên Huế, Việt Nam"
https://masothue.com/0105906169-cong-ty-co-phan-dich-vu-nen-di-dong-viet-nam,0105906169,Hoạt động dịch vụ tài chính khác chưa được phân vào đâu (trừ bảo hiểm và bảo hiểm xã hội),CHI NHÁNH TẠI THÀNH PHỐ THANH HOÁ - CÔNG TY CỔ PHẦN DỊCH VỤ NỀN DI ĐỘNG VIỆT NAM,0105906169-006,NGUYỄN XUÂN KỲ,"Tầng 9, Toà nhà Đức Phát, Số 9 Hạc Thành, Phường Điện Biên, Thành phố Thanh Hoá, Tỉnh Thanh Hoá, Việt Nam"
https://masothue.com/0105906169-cong-ty-co-phan-dich-vu-nen-di-dong-viet-nam,0105906169,Hoạt động dịch vụ tài chính khác chưa được phân vào đâu (trừ bảo hiểm và bảo hiểm xã hội),CHI NHÁNH TẠI TỈNH QUẢNG NINH CÔNG TY CỔ PHẦN DỊCH VỤ NỀN DI ĐỘNG VIỆT NAM,0105906169-007,NGUYỄN TRỌNG THÀNH,"Tầng 7, toà Viettel, số 70 đường Nguyễn Văn Cừ, Phường Hồng Hải, Thành phố Hạ Long, Tỉnh Quảng Ninh, Việt Nam"
https://masothue.com/0105906169-cong-ty-co-phan-dich-vu-nen-di-dong-viet-nam,0105906169,Hoạt động dịch vụ tài chính khác chưa được phân vào đâu (trừ bảo hiểm và bảo hiểm xã hội),CHI NHÁNH TẠI NGHỆ AN CÔNG TY CỔ PHẦN DỊCH VỤ NỀN DI ĐỘNG VIỆT NAM,0105906169-008,PHẠM XUÂN THUYẾT HÙNG,"Tầng 14, Tháp A, Toà nhà dầu khí Nghệ An, Số 7 đường Quang Trung, Phường Quang Trung, Thành phố Vinh, Tỉnh Nghệ An, Việt Nam"
https://masothue.com/0105906169-cong-ty-co-phan-dich-vu-nen-di-dong-viet-nam,0105906169,Hoạt động dịch vụ tài chính khác chưa được phân vào đâu (trừ bảo hiểm và bảo hiểm xã hội),CHI NHÁNH TẠI BÌNH DƯƠNG - CÔNG TY CỔ PHẦN DỊCH VỤ NỀN DI ĐỘNG VIỆT NAM,0105906169-009,ĐINH HUY TOÀN,"Văn phòng số 6, Tầng 4, Tòa nhà BW Supply Chain City, đường Tiên Phong 3, Khu Công Nghiệp BW Supply Chain City, Phường Hoà Phú, Thành phố Thủ Dầu Một, Tỉnh Bình Dương, Việt Nam"
https://masothue.com/0105906169-cong-ty-co-phan-dich-vu-nen-di-dong-viet-nam,0105906169,Hoạt động dịch vụ tài chính khác chưa được phân vào đâu (trừ bảo hiểm và bảo hiểm xã hội),CHI NHÁNH TẠI ĐỒNG NAI-CÔNG TY CỔ PHẦN DỊCH VỤ NỀN DI ĐỘNG VIỆT NAM,0105906169-010,DƯƠNG HUỲNH NHI,"Số 53-55 Đường Võ Thị Sáu, Phường Quyết Thắng, Thành phố Biên Hoà, Tỉnh Đồng Nai, Việt Nam"
https://masothue.com/0201753525-cong-ty-tnhh-mot-thanh-vien-dich-vu-du-lich-him-lam-hai-phong,0201753525,Hoạt động của các công viên vui chơi và công viên theo chủ đề,,,,
https://masothue.com/0304479345-cong-ty-co-phan-dung-cu-the-thao-bao-long,0304479345,Khác,CHI NHÁNH HÀ NỘI - CÔNG TY CỔ PHẦN DỤNG CỤ THỂ THAO BẢO LONG,0304479345-001,Mai Thị Thúy Vi,"Tầng 2 CLB Sân Golf Long Biên, Khu Trung Đoàn 918, Phường Phúc Đồng, Quận Long Biên, Thành phố Hà Nội, Việt Nam"
https://masothue.com/0304479345-cong-ty-co-phan-dung-cu-the-thao-bao-long,0304479345,Khác,CHI NHÁNH TÂN SƠN NHẤT -CÔNG TY CỔ PHẦN DỤNG CỤ THỂ THAO BẢO LONG,0304479345-002,MAI THỊ THÚY VI,"Số 6 Đường Tân Sơn, Phường 12, Quận Gò Vấp, Thành phố Hồ Chí Minh, Việt Nam"
https://masothue.com/2300772113-cong-ty-tnhh-him-lam-du-an-bt-truong-thpt-chuyen-bac-ninh,2300772113,Xây dựng nhà các loại,,,,
https://masothue.com/5800539470-cong-ty-tnhh-mot-thanh-vien-him-lam-mac-ca,5800539470,Nhân và chăm sóc cây giống hàng năm,,,,
https://masothue.com/0312680625-cong-ty-tnhh-thuong-mai-dich-vu-du-lich-orchids,0312680625,Xây dựng công trình kỹ thuật dân dụng khác,,,,
https://masothue.com/0315685043-cong-ty-tnhh-dau-tu-phat-trien-happy-home,0315685043,"Tư vấn, môi giới, đấu giá bất động sản, đấu giá quyền sử dụng đất",,,,
https://masothue.com/0317183916-cong-ty-tnhh-thuong-mai-atad,0317183916,Bán buôn kim loại và quặng kim loại,,,,
https://masothue.com/4201747166-cong-ty-tnhh-vifon-investment,4201747166,"Kinh doanh bất động sản, quyền sử dụng đất thuộc chủ sở hữu, chủ sử dụng hoặc đi thuê",,,,
https://masothue.com/0311368195-cong-ty-tnhh-mot-thanh-vien-xay-dung-va-thuong-mai-12-dong-thanh,0311368195,Xây dựng nhà các loại,,,,
https://masothue.com/3601970738-cong-ty-tnhh-khu-do-thi-phu-hoi,3601970738,"Kinh doanh bất động sản, quyền sử dụng đất thuộc chủ sở hữu, chủ sử dụng hoặc đi thuê",,,,
https://masothue.com/3800564995-cong-ty-tnhh-nhien-lieu-sinh-hoc-phuong-dong,3800564995,"Bán buôn nhiên liệu rắn, lỏng, khí và các sản phẩm liên quan",CÔNG TY TNHH NHIÊN LIỆU SINH HỌC PHƯƠNG ĐÔNG - CHI NHÁNH ĐỒNG XOÀI,3800564995-001,Nguyễn Hữu Khoa,"Trung tâm TM Đồng Xoài, Phú Riềng Đỏ - Phường Tân Bình - Thành Phố Đồng Xoài - Bình Phước."
https://masothue.com/0303147883-cong-ty-tnhh-dich-vu-dai-ly-van-chuyen,0303147883,Hoạt động dịch vụ hỗ trợ khác liên quan đến vận tải,CHI NHÁNH CÔNG TY TNHH DỊCH VỤ ĐẠI LÝ VẬN CHUYỂN,0303147883-001,Lê Thanh Hiền,Số 14 Láng Hạ - - Quận Ba Đình - Hà Nội.
https://masothue.com/0303590943-cong-ty-tnhh-van-tai-o-to-vina-vinatrans,0303590943,Vận tải hàng hóa bằng đường bộ,VĂN PHÒNG ĐẠI DIỆN CÔNG TY TNHH VẬN TẢI Ô TÔ VI NA VINATRANS TẠI KHÁNH HÒA,0303590943-001,ĐINH THỊ HỒNG THẢO,"121A Lê Hồng Phong, Phường Phước Hòa, Thành phố Nha Trang, Tỉnh Khánh Hòa, Việt Nam"
https://masothue.com/0303701766-cong-ty-tnhh-rcl-viet-nam,0303701766,Hoạt động dịch vụ hỗ trợ khác liên quan đến vận tải,CÔNG TY TNHH RCL ( VIỆT NAM ) - CHI NHÁNH HẢI PHÒNG,0303701766-001,TANG LIANG POO,"VNT Logistics, số 208 phố Chùa Vẽ - Phường Đông Hải 1 - Quận Hải An - Hải Phòng."
https://masothue.com/0303701766-cong-ty-tnhh-rcl-viet-nam,0303701766,Hoạt động dịch vụ hỗ trợ khác liên quan đến vận tải,CÔNG TY TNHH RCL (VIỆT NAM) - CHI NHÁNH HÀ NỘI,0303701766-002,Lum Ai Li,Số 2 Bích Câu - Phường Quốc Tử Giám - Quận Đống đa - Hà Nội.
https://masothue.com/0305281429-cong-ty-tnhh-dieu-hanh-van-chuyen-hang-hoa-lien-ket,0305281429,Hoạt động dịch vụ hỗ trợ khác liên quan đến vận tải,CHI NHÁNH CÔNG TY TNHH ĐIỀU HÀNH VẬN CHUYỂN HÀNG HÓA LIÊN KẾT TẠI HÀ NỘI,0305281429-001,WEE CHEE KEAN KELLY,"Tầng 22, Tòa nhà Icon4, 243A Đê La Thành, Phường Láng Thượng, Quận Đống Đa, Thành phố Hà Nội, Việt Nam"
https://masothue.com/0305281429-cong-ty-tnhh-dieu-hanh-van-chuyen-hang-hoa-lien-ket,0305281429,Hoạt động dịch vụ hỗ trợ khác liên quan đến vận tải,CHI NHÁNH CÔNG TY TNHH ĐIỀU HÀNH VẬN CHUYỂN HÀNG HÓA LIÊN KẾT TẠI ĐÀ NẴNG,0305281429-002,WEE CHEE KEAN KELLY,"Tầng 2, Phòng 202 , Tòa nhà UST Tower, Số 637-639 Nguyễn Tất Thành, Phường Xuân Hà, Quận Thanh Khê, Thành phố Đà Nẵng, Việt Nam"
https://masothue.com/1101842558-cong-ty-tnhh-mot-thanh-vien-louis-rice-long-an,1101842558,Bán buôn gạo,,,,
https://masothue.com/1702224563-cong-ty-trach-nhiem-huu-han-mot-thanh-vien-louis-rice-kien-giang,1702224563,Bán buôn gạo,,,,
https://masothue.com/3401091063-cong-ty-tnhh-mot-thanh-vien-cong-nghiep-go-binh-thuan,3401091063,"Sản xuất sản phẩm khác từ gỗ; sản xuất sản phẩm từ tre, nứa, rơm, rạ và vật liệu tết bện",,,,
https://masothue.com/0309966889-cong-ty-co-phan-masan-high-tech-materials,0309966889,Khác,VĂN PHÒNG ĐẠI DIỆN CÔNG TY CỔ PHẦN MASAN HIGH-TECH MATERIALS TẠI HÀ NỘI,0309966889-002,CRAIG RICHARD BRADSHAW,"Số 106 Hoàng Quốc Việt, Phường Nghĩa Đô, Quận Cầu Giấy, Thành phố Hà Nội, Việt Nam"
https://masothue.com/0313573915-cong-ty-tnhh-mapleleaf,0313573915,Hoạt động tư vấn quản lý,,,,
https://masothue.com/0313491099-cong-ty-tnhh-khi-nhien-lieu-giao-thong-van-tai-pvgazprom,0313491099,"Sản xuất khí đốt, phân phối nhiên liệu khí bằng đường ống",,,,
https://masothue.com/3401232596-cong-ty-tnhh-kho-cang-lng-son-my,3401232596,Hoạt động kiến trúc và tư vấn kỹ thuật có liên quan,,,,
https://masothue.com/0315143682-cong-ty-tnhh-dau-tu-xay-dung-cong-trinh-pdp,0315143682,Xây dựng công trình kỹ thuật dân dụng khác,,,,
https://masothue.com/1201465247-cong-ty-tnhh-dau-tu-cau-my-loi,1201465247,Xây dựng công trình kỹ thuật dân dụng khác,,,,
https://masothue.com/0314181702-cong-ty-trach-nhiem-huu-han-bat-dong-san-c-t-gilimex,0314181702,"Kinh doanh bất động sản, quyền sử dụng đất thuộc chủ sở hữu, chủ sử dụng hoặc đi thuê",,,,
https://masothue.com/3603784529-cong-ty-tnhh-mtv-gilimex-dong-nai,3603784529,"Sản xuất vali, túi xách và các loại tương tự, sản xuất yên đệm",,,,
https://masothue.com/0314347080-cong-ty-tnhh-khuon-chinh-xac-duy-tan,0314347080,Sản xuất sản phẩm khác bằng kim loại chưa được phân vào đâu,,,,
https://masothue.com/1101703917-cong-ty-tnhh-duy-tan-long-an,1101703917,Sản xuất sản phẩm từ plastic,,,,
https://masothue.com/1101806126-cong-ty-tnhh-noi-that-tan-loi-phat,1101806126,"Sản xuất giường, tủ, bàn, ghế",VĂN PHÒNG ĐẠI DIỆN CÔNG TY TNHH NỘI THẤT TÂN LỢI PHÁT,1101806126-001,TRẦN NHỰT HIỆN,"1908-1910 Đường Võ Văn Kiệt, KDC Nam Hùng Vương, Phường An Lạc, Quận Bình Tân, Thành phố Hồ Chí Minh, Việt Nam"
https://masothue.com/3700689158-cong-ty-tnhh-nhua-duy-tan-binh-duong,3700689158,Sản xuất sản phẩm từ plastic,,,,
https://masothue.com/0314574358-cong-ty-tnhh-aussino-international,0314574358,"Bán buôn vải, hàng may sẵn, giày dép",,,,
https://masothue.com/4101605111-cong-ty-tnhh-phoenix-mountain,4101605111,Khác,,,,
https://masothue.com/0101445206-cong-ty-tnhh-thuong-mai-vinh-quang,0101445206,"Bán buôn nhiên liệu rắn, lỏng, khí và các sản phẩm liên quan",,,,
https://masothue.com/0300694567-cong-ty-tnhh-binh-khi-dot-hong-vi-na,0300694567,"Sản xuất thùng, bể chứa và dụng cụ chứa đựng bằng kim loại",,,,
https://masothue.com/0301898429-cong-ty-co-phan-thuong-mai-dich-vu-minh-thao,0301898429,"Bán buôn nhiên liệu rắn, lỏng, khí và các sản phẩm liên quan",CHI NHÁNH CTY TNHH THƯƠNG MẠI DỊCH VỤ MINH THẢO,0301898429-001,Nguyễn Văn Minh,10A Đường Tân Thới Nhất 17 P.Tân Thới Nhất - phường Tân Thới Nhất - Quận 12 - TP Hồ Chí Minh.
https://masothue.com/0301898429-cong-ty-co-phan-thuong-mai-dich-vu-minh-thao,0301898429,"Bán buôn nhiên liệu rắn, lỏng, khí và các sản phẩm liên quan",CHI NHÁNH CÔNG TY CỔ PHẦN THƯƠNG MẠI DỊCH VỤ MINH THẢO,0301898429-002,NGUYỄN QUANG TRUNG,"49/9A Bùi Công Trừng, ấp 4, Xã Nhị Bình, Huyện Hóc Môn, Thành phố Hồ Chí Minh, Việt Nam"
https://masothue.com/0301898429-cong-ty-co-phan-thuong-mai-dich-vu-minh-thao,0301898429,"Bán buôn nhiên liệu rắn, lỏng, khí và các sản phẩm liên quan",CHI NHÁNH CÔNG TY CỔ PHẦN THƯƠNG MẠI DỊCH VỤ MINH THẢO,0301898429-003,NGUYỄN QUANG TRUNG,"Số 10A Đường Tân Thới Nhất 17, Phường Tân Thới Nhất, Quận 12, Thành phố Hồ Chí Minh, Việt Nam"
https://masothue.com/0301898429-cong-ty-co-phan-thuong-mai-dich-vu-minh-thao,0301898429,"Bán buôn nhiên liệu rắn, lỏng, khí và các sản phẩm liên quan",CHI NHÁNH CÔNG TY TNHH THƯƠNG MẠI DỊCH VỤ MINH THẢO,0301898429-004,NGUYỄN QUANG TRUNG,"Ấp 3, Xã Nhựt Chánh, Huyện Bến Lức, Tỉnh Long An, Việt Nam"
https://masothue.com/0301898429-cong-ty-co-phan-thuong-mai-dich-vu-minh-thao,0301898429,"Bán buôn nhiên liệu rắn, lỏng, khí và các sản phẩm liên quan",CHI NHÁNH CÔNG TY TNHH THƯƠNG MẠI DỊCH VỤ MINH THẢO,0301898429-005,NGUYỄN QUANG TRUNG,"DC4-C3, Khu phố Bình Đáng, Phường Bình Hòa, Thành phố Thuận An, Tỉnh Bình Dương, Việt Nam"
https://masothue.com/0301898429-cong-ty-co-phan-thuong-mai-dich-vu-minh-thao,0301898429,"Bán buôn nhiên liệu rắn, lỏng, khí và các sản phẩm liên quan",CHI NHÁNH CÔNG TY CỔ PHẦN THƯƠNG MẠI DỊCH VỤ MINH THẢO,0301898429-006,NGUYỄN KHẮC TUẤN,"số 3/10 Bàu Bàng, Phường 13, Quận Tân Bình, Thành phố Hồ Chí Minh, Việt Nam"
https://masothue.com/1101801470-cong-ty-tnhh-lpg-tien-phat,1101801470,"Bán buôn nhiên liệu rắn, lỏng, khí và các sản phẩm liên quan",CHI NHÁNH TIẾN PHÁT 2 - CÔNG TY TNHH LPG TIẾN PHÁT,1101801470-001,NGUYỄN HỮU MINH HẢI,"Lô KB, đường số 3, KCN Tân Phú Thạnh, Xã Tân Phú Thạnh, Huyện Châu Thành A, Tỉnh Hậu Giang, Việt Nam"
https://masothue.com/2900502944-cong-ty-tnhh-dau-tu-va-phat-trien-tan-dai-phat,2900502944,"Bán buôn nhiên liệu rắn, lỏng, khí và các sản phẩm liên quan",CHI NHÁNH CƠ KHÍ Ô TÔ -CÔNG TY TNHH DỊCH VỤ THƯƠNG MẠI SAO MAI,2900502944-001,Nguyễn Anh Tuấn,"Số 08, đường 46, xóm 2, xã Nghi phú, Thành phố Vinh, Tỉnh Nghệ An, Việt Nam"
https://masothue.com/3602566983-cong-ty-tnhh-khi-dau-mo-hoa-long-be-ta-gas,3602566983,Dịch vụ đóng gói,,,,
https://masothue.com/0312101194-cong-ty-co-phan-dau-tu-redwood,0312101194,"Kinh doanh bất động sản, quyền sử dụng đất thuộc chủ sở hữu, chủ sử dụng hoặc đi thuê",,,,
https://masothue.com/0313367535-cong-ty-tnhh-nova-nam-a,0313367535,"Kinh doanh bất động sản, quyền sử dụng đất thuộc chủ sở hữu, chủ sử dụng hoặc đi thuê",,,,
https://masothue.com/0313469512-cong-ty-co-phan-dau-tu-phat-trien-dia-oc-van-phat,0313469512,"Kinh doanh bất động sản, quyền sử dụng đất thuộc chủ sở hữu, chủ sử dụng hoặc đi thuê",,,,
https://masothue.com/0314019322-cong-ty-tnhh-dau-tu-bat-dong-san-unity,0314019322,"Kinh doanh bất động sản, quyền sử dụng đất thuộc chủ sở hữu, chủ sử dụng hoặc đi thuê",,,,
https://masothue.com/0314282926-cong-ty-tnhh-bat-dong-san-da-lat-valley,0314282926,"Kinh doanh bất động sản, quyền sử dụng đất thuộc chủ sở hữu, chủ sử dụng hoặc đi thuê",,,,
https://masothue.com/0315472849-cong-ty-tnhh-dau-tu-bat-dong-san-tan-kim-yen,0315472849,"Kinh doanh bất động sản, quyền sử dụng đất thuộc chủ sở hữu, chủ sử dụng hoặc đi thuê",,,,
https://masothue.com/0316427447-cong-ty-tnhh-dau-tu-va-phat-trien-bat-dong-san-an-phat,0316427447,"Kinh doanh bất động sản, quyền sử dụng đất thuộc chủ sở hữu, chủ sử dụng hoặc đi thuê",,,,
https://masothue.com/0316812128-cong-ty-tnhh-dau-tu-bat-dong-san-cao-nguyen-xanh,0316812128,"Kinh doanh bất động sản, quyền sử dụng đất thuộc chủ sở hữu, chủ sử dụng hoặc đi thuê",,,,
https://masothue.com/0317173883-cong-ty-tnhh-dau-tu-dia-oc-novaland-dat-tam,0317173883,"Kinh doanh bất động sản, quyền sử dụng đất thuộc chủ sở hữu, chủ sử dụng hoặc đi thuê",,,,
https://masothue.com/0312946995-cong-ty-tnhh-mot-thanh-vien-hung-thinh-cam-ranh,0312946995,Sản xuất bê tông và các sản phẩm từ xi măng và thạch cao,CHI NHÁNH CÔNG TY TNHH MỘT THÀNH VIÊN HƯNG THỊNH CAM RANH,0312946995-001,ĐÀO VĂN SƠN,"Thôn Cù Hin, Xã Cam Hải Đông, Huyện Cam Lâm, Tỉnh Khánh Hòa, Việt Nam"
https://masothue.com/0312946995-cong-ty-tnhh-mot-thanh-vien-hung-thinh-cam-ranh,0312946995,Sản xuất bê tông và các sản phẩm từ xi măng và thạch cao,CÔNG TY TNHH MỘT THÀNH VIÊN HƯNG THỊNH CAM RANH - CHI NHÁNH QUY NHƠN,0312946995-002,ĐÀO VĂN SƠN,"Khu phi thuế quan và KCN gắn với cảng nước sâu khu Kinh tế Nhơn Hội, Xã Nhơn Hội, Thành phố Quy Nhơn, Tỉnh Bình Định, Việt Nam"
https://masothue.com/0313516508-cong-ty-tnhh-dong-xuan-thu-duc,0313516508,Bán buôn đồ uống,,,,
https://masothue.com/0316724859-cong-ty-trach-nhiem-huu-han-lien-doanh-thuc-pham-va-do-uong-vibev,0316724859,"Sản xuất đồ uống không cồn, nước khoáng",VĂN PHÒNG ĐẠI DIỆN - CÔNG TY TRÁCH NHIỆM HỮU HẠN LIÊN DOANH THỰC PHẨM VÀ ĐỒ UỐNG VIBEV,0316724859-001,MAI XUÂN TRẦM,"Số 138-142 Hai Bà Trưng, Phường Đa Kao, Quận 1, Thành phố Hồ Chí Minh, Việt Nam"
https://masothue.com/0316944371-cong-ty-tnhh-san-xuat-thuong-mai-nam-thien-long,0316944371,Sản xuất khác chưa được phân vào đâu,,,,
https://masothue.com/0301453003-cong-ty-co-phan-co-khi-va-nhom-kinh-anh-viet,0301453003,Sản xuất các cấu kiện kim loại,CHI NHÁNH CÔNG TY TNHH XÂY DỰNG ANH HUY,0301453003-001,ĐINH THỊ TỐ LAN,"Số 46 - 48 Bà Triệu, Phường Hàng Bài, Quận Hoàn Kiếm, Thành phố Hà Nội, Việt Nam"
https://masothue.com/0301453003-cong-ty-co-phan-co-khi-va-nhom-kinh-anh-viet,0301453003,Sản xuất các cấu kiện kim loại,VĂN PHÒNG ĐẠI DIỆN - CÔNG TY CỔ PHẦN CƠ KHÍ VÀ NHÔM KÍNH ANH VIỆT,0301453003-002,MAI ĐÌNH CHÍ QUỐC,"Số 85 Đường Hoàng Trọng Mậu, Khu đô thị mới Him Lam, Phường Tân Hưng, Quận 7, Thành phố Hồ Chí Minh, Việt Nam"
https://masothue.com/0303159335-cong-ty-co-phan-dau-tu-nang-luong-tai-tao-hoa-binh,0303159335,"Bán lẻ đồ ngũ kim, sơn, kính và thiết bị lắp đặt khác trong xây dựng trong các cửa hàng chuyên doanh",CHI NHÁNH CÔNG TY TNHH SẢN XUẤT VÀ THƯƠNG MẠI H.B.T,0303159335-001,Nguyễn Phạm Thúy An,"309 Tô Hiến Thành, Phường 13, Quận 10, Thành phố Hồ Chí Minh, Việt Nam"
https://masothue.com/0303159335-cong-ty-co-phan-dau-tu-nang-luong-tai-tao-hoa-binh,0303159335,"Bán lẻ đồ ngũ kim, sơn, kính và thiết bị lắp đặt khác trong xây dựng trong các cửa hàng chuyên doanh",VĂN PHÒNG ĐẠI DIỆN CÔNG TY CỔ PHẦN ĐẦU TƯ & NĂNG LƯỢNG TÁI TẠO HÒA BÌNH,0303159335-002,NGYỄN ANH TUẤN,"48 Lô N, Đường số 15, Khu dân cư Phú Mỹ, Phường Phú Mỹ, Quận 7, Thành phố Hồ Chí Minh, Việt Nam"
https://masothue.com/0316891472-cong-ty-tnhh-mot-thanh-vien-trung-tam-doi-moi-sang-tao-hoa-binh,0316891472,Nghiên cứu khoa học và phát triển công nghệ trong lĩnh vực khoa học kỹ thuật và công nghệ,,,,
https://masothue.com/0310206787-cong-ty-tnhh-thuong-mai-thep-pomina,0310206787,Bán buôn kim loại và quặng kim loại,CÔNG TY TNHH THƯƠNG MẠI THÉP POMINA – CHI NHÁNH CẦN THƠ,0310206787-001,TRƯƠNG THỊ HỒNG NHUNG,"Lô 18 Khu công nghiệp Trà Nóc, Phường Trà Nóc, Quận Bình Thuỷ, Thành phố Cần Thơ, Việt Nam"
https://masothue.com/0310206787-cong-ty-tnhh-thuong-mai-thep-pomina,0310206787,Bán buôn kim loại và quặng kim loại,CÔNG TY TNHH THƯƠNG MẠI THÉP POMINA - CHI NHÁNH NHA TRANG,0310206787-002,LÊ HUY ĐẠT,"64B Lê Hồng Phong, Phường Phước Hải, Thành phố Nha Trang, Tỉnh Khánh Hòa, Việt Nam"
https://masothue.com/0310206787-cong-ty-tnhh-thuong-mai-thep-pomina,0310206787,Bán buôn kim loại và quặng kim loại,CÔNG TY TNHH THƯƠNG MẠI THÉP POMINA - CHI NHÁNH ĐÀ NẴNG,0310206787-003,TRƯƠNG ĐỨC HUY,"Quốc lộ 1A, Thôn Phong Nam, Xã Hoà Châu, Huyện Hoà Vang, Thành phố Đà Nẵng, Việt Nam"
https://masothue.com/0310206787-cong-ty-tnhh-thuong-mai-thep-pomina,0310206787,Bán buôn kim loại và quặng kim loại,CÔNG TY TNHH THƯƠNG MẠI THÉP POMINA - CHI NHÁNH QUY NHƠN,0310206787-004,PHẠM THỊ TƯỜNG VI,"Lô A1, cụm Công nghiệp Nhơn Bình, Phường Nhơn Bình, Thành phố Quy Nhơn, Tỉnh Bình Định, Việt Nam"
https://masothue.com/0310206787-cong-ty-tnhh-thuong-mai-thep-pomina,0310206787,Bán buôn kim loại và quặng kim loại,KHO HÀNG CÔNG TY TNHH THƯƠNG MẠI THÉP POMINA - BÌNH CHÁNH,0310206787-005,NGUYỄN VĂN ĐANG,"A17/61 Quốc lộ 1A, Xã Bình Chánh, Huyện Bình Chánh, Thành phố Hồ Chí Minh, Việt Nam"
https://masothue.com/0310206787-cong-ty-tnhh-thuong-mai-thep-pomina,0310206787,Bán buôn kim loại và quặng kim loại,KHO HÀNG CÔNG TY TNHH THƯƠNG MẠI THÉP POMINA - CHI NHÁNH NHA TRANG,0310206787-006,TRẦN THỊ ANH THƯ,"1A Phước Long, Phường Phước Long, Thành phố Nha Trang, Tỉnh Khánh Hòa, Việt Nam"
https://masothue.com/0310206787-cong-ty-tnhh-thuong-mai-thep-pomina,0310206787,Bán buôn kim loại và quặng kim loại,CÔNG TY TNHH THƯƠNG MẠI THÉP POMINA - CHI NHÁNH HƯNG YÊN,0310206787-007,ĐỖ THÀNH NAM,"Thôn Nhân Vinh, Xã Dị Sử, Thị xã Mỹ Hào, Tỉnh Hưng Yên, Việt Nam"
https://masothue.com/1301096113-cong-ty-tnhh-thc-ben-tre,1301096113,Sản xuất điện,,,,
https://masothue.com/3502293919-cong-ty-tnhh-cang-tong-hop-cai-mep,3502293919,Kho bãi và lưu giữ hàng hóa,,,,
https://masothue.com/3603855748-cong-ty-tnhh-thuan-hai-energy-bien-hoa,3603855748,"Sản xuất, phân phối hơi nước, nước nóng, điều hoà không khí và sản xuất nước đá",,,,
https://masothue.com/3702659208-cong-ty-tnhh-mot-thanh-vien-xay-dung-viet-phat,3702659208,"Kinh doanh bất động sản, quyền sử dụng đất thuộc chủ sở hữu, chủ sử dụng hoặc đi thuê",,,,
https://masothue.com/0109360240-cong-ty-tnhh-long-hung-hoang-anh,0109360240,"Bán buôn nhiên liệu rắn, lỏng, khí và các sản phẩm liên quan",CHI NHÁNH HẢI DƯƠNG - CÔNG TY TNHH LONG HƯNG - HOÀNG ANH,0109360240-001,NGUYỄN THỊ HIỀN,"Km 38+ 850 (T) Quốc lộ 5 A, Xã Cẩm Phúc, Huyện Cẩm Giàng, Tỉnh Hải Dương, Việt Nam"
https://masothue.com/0311450763-cong-ty-tnhh-dau-tu-dich-vu-va-thuong-mai-moc-mien,0311450763,Nhà hàng và các dịch vụ ăn uống phục vụ lưu động,,,,
https://masothue.com/0312912139-cong-ty-tnhh-dich-vu-van-tai-long-hung,0312912139,Hoạt động dịch vụ hỗ trợ khác liên quan đến vận tải,,,,
https://masothue.com/4500618673-cong-ty-tnhh-long-hung-ninh-thuan,4500618673,"Bán buôn nhiên liệu rắn, lỏng, khí và các sản phẩm liên quan",,,,
https://masothue.com/0302065148-cong-ty-lien-doanh-tnhh-nippon-express-viet-nam,0302065148,Hoạt động dịch vụ hỗ trợ khác liên quan đến vận tải,CHI NHÁNH CÔNG TY LIÊN DOANH TNHH NIPPON EXPRESS (VIỆT NAM) TẠI HÀ NỘI,0302065148-001,YASUKAZU HATSUSHIBA,"Tháp Hòa Bình, 106 Hoàng Quốc Việt, Phường Nghĩa Tân, Quận Cầu Giấy, Thành phố Hà Nội, Việt Nam"
https://masothue.com/0302065148-cong-ty-lien-doanh-tnhh-nippon-express-viet-nam,0302065148,Hoạt động dịch vụ hỗ trợ khác liên quan đến vận tải,CHI NHÁNH CÔNG TY LIÊN DOANH TNHH NIPPON EXPRESS (VIỆT NAM),0302065148-002,TAKUSHI MOGI,"Lô F, Đường số 6, Khu công nghiệp Sóng Thần 2 , Phường Dĩ An, Thành phố Dĩ An, Tỉnh Bình Dương, Việt Nam"
https://masothue.com/0302065148-cong-ty-lien-doanh-tnhh-nippon-express-viet-nam,0302065148,Hoạt động dịch vụ hỗ trợ khác liên quan đến vận tải,CHI NHÁNH CÔNG TY LIÊN DOANH TNHH NIPPON EXPRESS (VIỆT NAM) - TRUNG TÂM KHO VẬN AMATA,0302065148-003,TAKUSHI MOGI,"Đường số 15, KCN Long Bình (Amata), Phường Long Bình, Thành phố Biên Hoà, Tỉnh Đồng Nai, Việt Nam"
https://masothue.com/0302065148-cong-ty-lien-doanh-tnhh-nippon-express-viet-nam,0302065148,Hoạt động dịch vụ hỗ trợ khác liên quan đến vận tải,CHI NHÁNH CÔNG TY LIÊN DOANH TNHH NIPPON EXPRESS (VIỆT NAM) - TRUNG TÂM KHO VẬN ĐÌNH VŨ,0302065148-004,Nguyễn Văn Chính,"Lô CN5.6B, khu công nghiệp Đình Vũ, Phường Đông Hải 2, Quận Hải An, Thành phố Hải Phòng, Việt Nam"
https://masothue.com/0302065148-cong-ty-lien-doanh-tnhh-nippon-express-viet-nam,0302065148,Hoạt động dịch vụ hỗ trợ khác liên quan đến vận tải,CÔNG TY LIÊN DOANH TNHH NIPPON EXPRESS (VIỆT NAM) - VĂN PHÒNG ĐẠI DIỆN BẾN TRE,0302065148-005,TAKUSHI MOGI,"Khu dịch vụ Khu công nghiệp Giao Long tại thửa đất số 3404, tờ bản đồ số 01, ấp Phước Hưng, Xã An Phước, Huyện Châu Thành, Tỉnh Bến Tre, Việt Nam"
https://masothue.com/0302065148-cong-ty-lien-doanh-tnhh-nippon-express-viet-nam,0302065148,Hoạt động dịch vụ hỗ trợ khác liên quan đến vận tải,VĂN PHÒNG ĐẠI DIỆN CÔNG TY LIÊN DOANH TNHH NIPPON EXPRESS (VIỆT NAM) TẠI THÀNH PHỐ ĐÀ NẴNG,0302065148-006,TAKUSHI MOGI,"Tầng 16, Công viên phần mềm, 02 Quang Trung, Phường Thạch Thang, Quận Hải Châu, Thành phố Đà Nẵng, Việt Nam"
https://masothue.com/0302065148-cong-ty-lien-doanh-tnhh-nippon-express-viet-nam,0302065148,Hoạt động dịch vụ hỗ trợ khác liên quan đến vận tải,VĂN PHÒNG ĐẠI DIỆN CÔNG TY LIÊN DOANH TNHH NIPPON EXPRESS (VIỆT NAM) TẠI HẢI PHÒNG,0302065148-007,NGUYỄN VĂN CHÍNH,"Lô CN 5.6B, khu công nghiệp Đình Vũ, Phường Đông Hải 2, Quận Hải An, Thành phố Hải Phòng, Việt Nam"
https://masothue.com/0302065148-cong-ty-lien-doanh-tnhh-nippon-express-viet-nam,0302065148,Hoạt động dịch vụ hỗ trợ khác liên quan đến vận tải,VĂN PHÒNG ĐẠI DIỆN CÔNG TY LIÊN DOANH TNHH NIPPON EXPRESS (VIỆT NAM) TẠI THÀNH PHỐ ĐÀ NẴNG,0302065148-008,Lâm Diệu Tâm Hảo,Tầng 16 Công viên phầm mềm số02 Quang Trung - Phường Thạch Thang - Quận Hải Châu - Đà Nẵng.
https://masothue.com/0309428263-cong-ty-tnhh-mot-thanh-vien-bat-dong-san-transimex,0309428263,"Kinh doanh bất động sản, quyền sử dụng đất thuộc chủ sở hữu, chủ sử dụng hoặc đi thuê",,,,
https://masothue.com/,3702120783,Khác,,,,
https://masothue.com/0313394088-cong-ty-co-phan-xay-dung-e-cons,0313394088,Xây dựng nhà các loại,,,,
https://masothue.com/0314472902-cong-ty-tnhh-tu-van-xay-dung-acsc-fujinami,0314472902,Hoạt động kiến trúc và tư vấn kỹ thuật có liên quan,,,,
https://masothue.com/3400431711-cong-ty-co-phan-dau-tu-cbm-tai-phu,3400431711,Dịch vụ lưu trú ngắn ngày,,,,
https://masothue.com/0314518811-cong-ty-trach-nhiem-huu-han-aeon-fantasy-viet-nam,0314518811,Hoạt động vui chơi giải trí khác chưa được phân vào đâu,CHI NHÁNH CÔNG TY TRÁCH NHIỆM HỮU HẠN AEON FANTASY VIỆT NAM TẠI BÌNH DƯƠNG,0314518811-001,MINORU TSUKIYAMA,"Lô S20, tầng 2, Trung tâm mua sắm Aeon - Bình Dương Canary, số 01 Đại Lộ Bình Dương, khu phố Bình Giao, Phường Thuận Giao, Thành phố Thuận An, Tỉnh Bình Dương, Việt Nam"
https://masothue.com/0314518811-cong-ty-trach-nhiem-huu-han-aeon-fantasy-viet-nam,0314518811,Hoạt động vui chơi giải trí khác chưa được phân vào đâu,CHI NHÁNH CÔNG TY TRÁCH NHIỆM HỮU HẠN AEON FANTASY VIỆT NAM TẠI HÀ NỘI,0314518811-002,MINORU TSUKIYAMA,"Lô T334-1 và Lô 3F-1, tầng 3, Aeon Mall Long Biên, Số 27 đường Cổ Linh, Phường Long Biên, Quận Long Biên, Thành phố Hà Nội, Việt Nam"
https://masothue.com/0314518811-cong-ty-trach-nhiem-huu-han-aeon-fantasy-viet-nam,0314518811,Hoạt động vui chơi giải trí khác chưa được phân vào đâu,CHI NHÁNH CÔNG TY TRÁCH NHIỆM HỮU HẠN AEON FANTASY VIỆT NAM TẠI CẦN THƠ,0314518811-003,KOSHI KYORAKU,"Shop 7+8+9, Trung tâm thương mại Big C Cần Thơ, Lô số 1, Khu dân cư Hưng Phú 1, Phường Hưng Phú, Quận Cái Răng, Thành phố Cần Thơ, Việt Nam"
https://masothue.com/0314518811-cong-ty-trach-nhiem-huu-han-aeon-fantasy-viet-nam,0314518811,Hoạt động vui chơi giải trí khác chưa được phân vào đâu,CHI NHÁNH CÔNG TY TRÁCH NHIỆM HỮU HẠN AEON FANTASY VIỆT NAM TẠI HÀ ĐÔNG,0314518811-004,MINORU TSUKIYAMA,"Lô T364, Tầng 3, Aeon Mall Hà Đông, Tổ dân phố Hoàng Văn Thụ, Phường Dương Nội, Quận Hà Đông, Thành phố Hà Nội, Việt Nam"
https://masothue.com/0314518811-cong-ty-trach-nhiem-huu-han-aeon-fantasy-viet-nam,0314518811,Hoạt động vui chơi giải trí khác chưa được phân vào đâu,CHI NHÁNH CÔNG TY TRÁCH NHIỆM HỮU HẠN AEON FANTASY VIỆT NAM TẠI HẢI PHÒNG,0314518811-005,MINORU TSUKIYAMA,"Lô T264 tầng 2 và lô T347-348 tầng 3, Trung tâm thương mại Aeonmall Hải Phòng Lê Chân, đường Hồ Sen - Cầu Rào 2, Phường Kênh Dương, Phường Vĩnh Niệm, Quận Lê Chân, Thành phố Hải Phòng, Việt Nam"
https://masothue.com/0314518811-cong-ty-trach-nhiem-huu-han-aeon-fantasy-viet-nam,0314518811,Hoạt động vui chơi giải trí khác chưa được phân vào đâu,CHI NHÁNH CÔNG TY TRÁCH NHIỆM HỮU HẠN AEON FANTASY VIỆT NAM TẠI HƯNG YÊN,0314518811-006,MINORU TSUKIYAMA,"Lô WB-A01, Tầng 1 WestBay, Khu đô thị Ecopark, Xã Xuân Quan, Huyện Văn Giang, Tỉnh Hưng Yên, Việt Nam"
https://masothue.com/0314518811-cong-ty-trach-nhiem-huu-han-aeon-fantasy-viet-nam,0314518811,Hoạt động vui chơi giải trí khác chưa được phân vào đâu,CHI NHÁNH CÔNG TY TRÁCH NHIỆM HỮU HẠN AEON FANTASY VIỆT NAM TẠI VINH,0314518811-007,MINORU TSUKIYAMA,"Lô 3F-11, TTTM Lotte Mart, Đại lộ V.I.Lenin, Khối Yên Sơn, Phường Hà Huy Tập, Thành phố Vinh, Tỉnh Nghệ An, Việt Nam"
https://masothue.com/0314518811-cong-ty-trach-nhiem-huu-han-aeon-fantasy-viet-nam,0314518811,Hoạt động vui chơi giải trí khác chưa được phân vào đâu,CHI NHÁNH CÔNG TY TRÁCH NHIỆM HỮU HẠN AEON FANTASY VIỆT NAM TẠI ĐỒNG NAI,0314518811-008,MINORU TSUKIYAMA,"L3-04 TTTM Aqua Central Mall, Lô AP1-5, Khu đô thị Aqua City, ấp An Xuân, Xã Long Hưng, Thành phố Biên Hoà, Tỉnh Đồng Nai, Việt Nam"
https://masothue.com/0105770951-cong-ty-tnhh-dau-tu-va-phat-trien-bat-dong-san-thang-long,0105770951,Xây dựng nhà để ở,,,,
https://masothue.com/0310209996-cong-ty-tnhh-dau-tu-va-kinh-doanh-nha-gia-dinh,0310209996,"Tư vấn, môi giới, đấu giá bất động sản, đấu giá quyền sử dụng đất",,,,
https://masothue.com/0312323704-cong-ty-tnhh-dau-tu-giao-duc-viet-an-hung,0312323704,Đào tạo trung cấp,,,,
https://masothue.com/0312323863-cong-ty-tnhh-dau-tu-chc,0312323863,Xây dựng nhà các loại,,,,
https://masothue.com/0314081289-cong-ty-tnhh-dau-tu-y-te-thanh-pho,0314081289,"Hoạt động của các phòng khám đa khoa, chuyên khoa và nha khoa",,,,
https://masothue.com/0314246068-cong-ty-tnhh-giai-phap-xanh-sai-gon,0314246068,"Khai thác, xử lý và cung cấp nước",,,,
https://masothue.com/2600891979-cong-ty-tnhh-che-bien-go-va-lam-san-pt,2600891979,"Sản xuất gỗ dán, gỗ lạng, ván ép và ván mỏng khác",,,,
https://masothue.com/3200574857-cong-ty-tnhh-nguyen-lieu-giay-quang-tri,3200574857,"Sản xuất gỗ dán, gỗ lạng, ván ép và ván mỏng khác",,,,
https://masothue.com/1402005377-cong-ty-tnhh-nuoi-trong-hung-ca,1402005377,Nuôi trồng thuỷ sản nội địa,,,,
https://masothue.com/6400423586-cong-ty-tnhh-sinh-hoc-hoan-hao,6400423586,Trồng rừng và chăm sóc rừng,,,,
https://masothue.com/4200586780-cong-ty-tnhh-hai-yen,4200586780,Khác,,,,
https://masothue.com/0304941312-cong-ty-tnhh-mot-thanh-vien-xay-dung-cong-trinh-tan-cang,0304941312,Xây dựng công trình kỹ thuật dân dụng khác,,,,
https://masothue.com/0305322467-cong-ty-co-phan-van-tai-bo-tan-cang,0305322467,Vận tải hàng hóa bằng đường bộ,,,,
https://masothue.com/0305711368-cong-ty-co-phan-dau-tu-phat-trien-ha-tang-tan-cang,0305711368,Hoạt động kiến trúc và tư vấn kỹ thuật có liên quan,,,,
https://masothue.com/0306386671-cong-ty-tnhh-mot-thanh-vien-hoa-tieu-tan-cang,0306386671,Hoạt động dịch vụ hỗ trợ trực tiếp cho vận tải đường thủy,,,,
https://masothue.com/0311241960-cong-ty-tnhh-phat-trien-nguon-nhan-luc-tan-cang-stc,0311241960,Đào tạo trung cấp,,,,
https://masothue.com/3501473524-cong-ty-tnhh-cang-quoc-te-tan-cang-cai-mep,3501473524,Bốc xếp hàng hóa,,,,
https://masothue.com/3502294165-cong-ty-tnhh-mot-thanh-vien-cang-tan-cang-cai-mep-thi-vai,3502294165,Hoạt động dịch vụ hỗ trợ khác liên quan đến vận tải,,,,
https://masothue.com/3901222613-cong-ty-co-phan-tan-cang-tay-ninh,3901222613,Hoạt động dịch vụ hỗ trợ khác liên quan đến vận tải,,,,
https://masothue.com/1601111997-cong-ty-tnhh-khoang-san-xay-dung-thai-son,1601111997,"Khai thác đá, cát, sỏi, đất sét",,,,
https://masothue.com/3600266060-cong-ty-tnhh-phat-trien-khu-cong-nghiep-long-binh,3600266060,"Kinh doanh bất động sản, quyền sử dụng đất thuộc chủ sở hữu, chủ sử dụng hoặc đi thuê",,,,
https://masothue.com/4300583208-cong-ty-co-phan-tap-doan-tu-van-dau-tu-thai-son-sai-gon,4300583208,Khai thác quặng sắt,,,,
https://masothue.com/0315498149-cong-ty-tnhh-phat-trien-phu-the-vuong,0315498149,Hoạt động tư vấn quản lý,,,,
https://masothue.com/0315504804-cong-ty-tnhh-phat-trien-phu-the-an,0315504804,Hoạt động tư vấn quản lý,,,,
https://masothue.com/0315599362-cong-ty-tnhh-cong-nghe-hung-thai,0315599362,Lập trình máy vi tính,,,,
https://masothue.com/0304924469-cong-ty-tnhh-san-xuat-va-thuong-mai-dac-minh,0304924469,"Bán mô tô, xe máy",,,,
https://masothue.com/0107779967-cong-ty-tnhh-dau-tu-newco-viet-nam,0107779967,"Kinh doanh bất động sản, quyền sử dụng đất thuộc chủ sở hữu, chủ sử dụng hoặc đi thuê",,,,
https://masothue.com/0106463512-cong-ty-tnhh-thanh-long-ha-noi,0106463512,"Bán buôn vật liệu, thiết bị lắp đặt khác trong xây dựng",CÔNG TY TNHH THANH LONG HÀ NỘI-VĂN PHÒNG ĐẠI DIỆN BẮC GIANG,0106463512-001,DƯƠNG THẾ KHƯƠNG,"Lô A3, Cụm công nghiệp Xương Giang II, Phường Xương Giang, Thành phố Bắc Giang, Tỉnh Bắc Giang, Việt Nam"
https://masothue.com/0108426562-cong-ty-tnhh-thanh-long-long-bien,0108426562,"Bán buôn vật liệu, thiết bị lắp đặt khác trong xây dựng",,,,
https://masothue.com/0108610297-cong-ty-tnhh-thanh-long-song-hong,0108610297,"Bán buôn vật liệu, thiết bị lắp đặt khác trong xây dựng",,,,
https://masothue.com/0309220811-cong-ty-tnhh-thanh-long-nha-be,0309220811,"Bán buôn vật liệu, thiết bị lắp đặt khác trong xây dựng",CHI NHÁNH CÔNG TY TNHH THANH LONG NHÀ BÈ,0309220811-001,HỒ LÂN,"Tổ 1, ấp Thanh Ba, Xã Mỹ Lộc, Huyện Cần Giuộc, Tỉnh Long An, Việt Nam"
https://masothue.com/0312592263-cong-ty-tnhh-thanh-long-huu-thuc,0312592263,"Bán buôn vật liệu, thiết bị lắp đặt khác trong xây dựng",CHI NHÁNH CÔNG TY TNHH THANH LONG HỮU THỨC,0312592263-001,MAI HỮU THỨC,"Số 11A/9 Khu phố Hiệp Thắng, Phường Bình Thắng, Thành phố Dĩ An, Tỉnh Bình Dương, Việt Nam"
https://masothue.com/0312592263-cong-ty-tnhh-thanh-long-huu-thuc,0312592263,"Bán buôn vật liệu, thiết bị lắp đặt khác trong xây dựng",CHI NHÁNH CÔNG TY TNHH THANH LONG HỮU THỨC,0312592263-002,NGUYỄN NGỌC MINH,"Xóm 6, ấp 3, Xã Tiến Hưng, Thành phố Đồng Xoài, Tỉnh Bình Phước, Việt Nam"
https://masothue.com/0312906110-cong-ty-tnhh-thanh-long-cu-chi,0312906110,"Bán buôn vật liệu, thiết bị lắp đặt khác trong xây dựng",,,,
https://masothue.com/0401554608-cong-ty-tnhh-thanh-long-song-han,0401554608,"Bán buôn vật liệu, thiết bị lắp đặt khác trong xây dựng",,,,
https://masothue.com/0401882285-cong-ty-tnhh-thanh-long-dat-quang,0401882285,"Bán buôn vật liệu, thiết bị lắp đặt khác trong xây dựng",,,,
https://masothue.com/0601138066-cong-ty-tnhh-thanh-long-duyen-hai,0601138066,"Bán buôn vật liệu, thiết bị lắp đặt khác trong xây dựng",,,,
https://masothue.com/1500998162-cong-ty-trach-nhiem-huu-han-thanh-long-mekong,1500998162,"Bán buôn vật liệu, thiết bị lắp đặt khác trong xây dựng",,,,
https://masothue.com/1601313841-cong-ty-tnhh-thanh-long-long-xuyen,1601313841,"Bán buôn vật liệu, thiết bị lắp đặt khác trong xây dựng",,,,
https://masothue.com/1601313841-cong-ty-tnhh-thanh-long-long-xuyen,1601313841,"Bán buôn vật liệu, thiết bị lắp đặt khác trong xây dựng",,,,
https://masothue.com/1800799217-cong-ty-tnhh-thanh-long-can-tho,1800799217,"Bán buôn vật liệu, thiết bị lắp đặt khác trong xây dựng",VĂN PHÒNG ĐẠI DIỆN CÔNG TY TNHH THANH LONG CẦN THƠ,1800799217-002,NGUYỄN NGỌC HUY,"75 đường 3/2, Phường Hưng Lợi, Quận Ninh Kiều, Thành phố Cần Thơ, Việt Nam"
https://masothue.com/1800799217-cong-ty-tnhh-thanh-long-can-tho,1800799217,"Bán buôn vật liệu, thiết bị lắp đặt khác trong xây dựng",CHI NHÁNH CÔNG TY TNHH THANH LONG CẦN THƠ TẠI CÀ MAU,1800799217-003,HOÀNG MAI QUANG VINH,"Số 21, ấp Tân Hưng, Xã Lý Văn Lâm, Thành phố Cà Mau, Tỉnh Cà Mau, Việt Nam"
https://masothue.com/1800799217-cong-ty-tnhh-thanh-long-can-tho,1800799217,"Bán buôn vật liệu, thiết bị lắp đặt khác trong xây dựng",VĂN PHÒNG ĐẠI DIỆN CÔNG TY TNHH THANH LONG CẦN THƠ TẠI CÀ MAU,1800799217-004,HOÀNG MAI QUANG VINH,"21, ấp Tân Hưng, Xã Lý Văn Lâm, Thành phố Cà Mau, Tỉnh Cà Mau, Việt Nam"
https://masothue.com/1801670939-cong-ty-trach-nhiem-huu-han-thanh-long-song-hau,1801670939,"Bán buôn vật liệu, thiết bị lắp đặt khác trong xây dựng",,,,
https://masothue.com/2301036765-cong-ty-tnhh-thanh-long-ha-bac,2301036765,"Bán buôn vật liệu, thiết bị lắp đặt khác trong xây dựng",,,,
https://masothue.com/2500272284-cong-ty-tnhh-thanh-long-phu-my,2500272284,"Bán buôn vật liệu, thiết bị lắp đặt khác trong xây dựng",,,,
https://masothue.com/2901888440-cong-ty-tnhh-thanh-long-song-lam,2901888440,"Bán buôn vật liệu, thiết bị lắp đặt khác trong xây dựng",,,,
https://masothue.com/3200609997-cong-ty-tnhh-thanh-long-quang-tri,3200609997,"Bán buôn vật liệu, thiết bị lắp đặt khác trong xây dựng",,,,
https://masothue.com/3603649110-cong-ty-tnhh-thanh-long-dong-nai,3603649110,"Bán buôn vật liệu, thiết bị lắp đặt khác trong xây dựng",,,,
https://masothue.com/4201723013-cong-ty-tnhh-sxtm-thanh-long-nha-trang,4201723013,"Bán buôn vật liệu, thiết bị lắp đặt khác trong xây dựng",,,,
https://masothue.com/4601304313-cong-ty-tnhh-thanh-long-thai-nguyen,4601304313,"Bán buôn vật liệu, thiết bị lắp đặt khác trong xây dựng",,,,
https://masothue.com/5800796439-cong-ty-tnhh-thanh-long-dai-loc,5800796439,"Bán buôn vật liệu, thiết bị lắp đặt khác trong xây dựng",,,,
https://masothue.com/5801430211-cong-ty-tnhh-thanh-long-duc-trong,5801430211,"Bán buôn vật liệu, thiết bị lắp đặt khác trong xây dựng",,,,
https://masothue.com/0315196123-cong-ty-tnhh-king-coffee,0315196123,Nhà hàng và các dịch vụ ăn uống phục vụ lưu động,CHI NHÁNH CÔNG TY TNHH KING COFFEE TẠI THÀNH PHỐ HỒ CHÍ MINH,0315196123-001,LÊ THỊ CẨM TÚ,"Số 01 Đồng Nai, Phường 15, Quận 10, Thành phố Hồ Chí Minh, Việt Nam"
https://masothue.com/0315196123-cong-ty-tnhh-king-coffee,0315196123,Nhà hàng và các dịch vụ ăn uống phục vụ lưu động,CHI NHÁNH CÔNG TY TNHH KING COFFEE - CỬA HÀNG KING COFFEE PREMIUM LÊ LỢI GIA LAI,0315196123-002,LÊ THỊ CẨM TÚ,"02 Lê Lợi, Phường Hội Thương, Thành phố Pleiku, Tỉnh Gia Lai, Việt Nam"
https://masothue.com/0315196123-cong-ty-tnhh-king-coffee,0315196123,Nhà hàng và các dịch vụ ăn uống phục vụ lưu động,CHI NHÁNH CÔNG TY TNHH KING COFFEE - CỬA HÀNG KING COFFEE PREMIUM LA HỐI,0315196123-003,LÊ THỊ CẨM TÚ,"40 La Hối , Phường Minh An, Thành phố Hội An, Tỉnh Quảng Nam, Việt Nam"
https://masothue.com/0315196123-cong-ty-tnhh-king-coffee,0315196123,Nhà hàng và các dịch vụ ăn uống phục vụ lưu động,CHI NHÁNH CÔNG TY TNHH KING COFFEE TẠI LÂM ĐỒNG,0315196123-004,LÊ THỊ CẨM TÚ,"Số 1 - 3 đường Hai Bà Trưng, Phường 6, Thành phố Đà Lạt, Tỉnh Lâm Đồng, Việt Nam"
https://masothue.com/0315196123-cong-ty-tnhh-king-coffee,0315196123,Nhà hàng và các dịch vụ ăn uống phục vụ lưu động,CHI NHÁNH CÔNG TY TNHH KING COFFEE TẠI VŨNG TÀU,0315196123-005,LÊ THỊ CẨM TÚ,"04 Lê Lợi, Phường 1, Thành phố Vũng Tàu, Tỉnh Bà Rịa - Vũng Tàu, Việt Nam"
https://masothue.com/0315196123-cong-ty-tnhh-king-coffee,0315196123,Nhà hàng và các dịch vụ ăn uống phục vụ lưu động,CHI NHÁNH CÔNG TY TNHH KING COFFEE TẠI THÀNH PHỐ HÀ NỘI,0315196123-006,LÊ THỊ CẨM TÚ,"11-13 Hàng Bún, Phường Nguyễn Trung Trực, Quận Ba Đình, Thành phố Hà Nội, Việt Nam"
https://masothue.com/0315196123-cong-ty-tnhh-king-coffee,0315196123,Nhà hàng và các dịch vụ ăn uống phục vụ lưu động,CHI NHÁNH CÔNG TY TNHH KING COFFEE TẠI THÀNH PHỐ ĐÀ NẴNG,0315196123-007,LÊ THỊ CẨM TÚ,"87 Điện Biên Phủ , Phường Chính Gián, Quận Thanh Khê, Thành phố Đà Nẵng, Việt Nam"
https://masothue.com/0315196123-cong-ty-tnhh-king-coffee,0315196123,Nhà hàng và các dịch vụ ăn uống phục vụ lưu động,CHI NHÁNH CÔNG TY TNHH KING COFFEE TẠI VĨNH LONG,0315196123-008,LÊ THỊ CẨM TÚ,"Số 02 đường Trưng Nữ Vương, Phường 1, Thành phố Vĩnh Long, Tỉnh Vĩnh Long, Việt Nam"
https://masothue.com/0315196123-cong-ty-tnhh-king-coffee,0315196123,Nhà hàng và các dịch vụ ăn uống phục vụ lưu động,CHI NHÁNH CÔNG TY TNHH KING COFFEE - ACADEMY CENTER,0315196123-009,LÊ THỊ CẨM TÚ,"Tầng 3,4,5 Số 995 Nguyễn Trãi, Phường 14, Quận 5, Thành phố Hồ Chí Minh, Việt Nam"
https://masothue.com/0315196123-cong-ty-tnhh-king-coffee,0315196123,Nhà hàng và các dịch vụ ăn uống phục vụ lưu động,CHI NHÁNH CÔNG TY TNHH KING COFFEE TẠI KIÊN GIANG,0315196123-010,LÊ THỊ CẨM TÚ,"Căn MG2-01, MG2-09 Dự án Trung tâm thương mại và Nhà phố Vincom Rạch Giá, khu phố 01, Phường Vĩnh Bảo, Thành phố Rạch Giá, Tỉnh Kiên Giang, Việt Nam"
https://masothue.com/0315196123-cong-ty-tnhh-king-coffee,0315196123,Nhà hàng và các dịch vụ ăn uống phục vụ lưu động,CHI NHÁNH CÔNG TY TNHH KING COFFEE-CỬA HÀNG KING COFFEE PREMIUM QUY NHƠN,0315196123-011,LÊ THỊ CẨM TÚ,"166 Diên Hồng, Phường Ngô Mây, Thành phố Quy Nhơn, Tỉnh Bình Định, Việt Nam"
https://masothue.com/0315196123-cong-ty-tnhh-king-coffee,0315196123,Nhà hàng và các dịch vụ ăn uống phục vụ lưu động,CHI NHÁNH CÔNG TY TNHH KING COFFEE - CỬA HÀNG KING COFFEE PREMIUM NHA TRANG,0315196123-012,LÊ THỊ CẨM TÚ,"Số 4 Pasteur, Phường Xương Huân, Thành phố Nha Trang, Tỉnh Khánh Hòa, Việt Nam"
https://masothue.com/0315196123-cong-ty-tnhh-king-coffee,0315196123,Nhà hàng và các dịch vụ ăn uống phục vụ lưu động,CHI NHÁNH CÔNG TY TNHH KING COFFEE TẠI QUẢNG NINH,0315196123-013,LÊ THỊ CẨM TÚ,"Căn hộ PG1-1 dự án Vinhomes Dragon Bay Hạ Long tại Bến Đoan, Phường Hồng Gai, Thành phố Hạ Long, Tỉnh Quảng Ninh, Việt Nam"
https://masothue.com/0316620419-cong-ty-tnhh-happy-farmer,0316620419,Hoạt động dịch vụ trồng trọt,,,,
https://masothue.com/0317210581-cong-ty-tnhh-cong-nghe-thong-tin-tni,0317210581,Lập trình máy vi tính,,,,
https://masothue.com/0317219030-cong-ty-tnhh-tni-ventures,0317219030,Hoạt động tư vấn quản lý,,,,
https://masothue.com/3602236216-cong-ty-tnhh-dia-oc-hung-vuong,3602236216,"Kinh doanh bất động sản, quyền sử dụng đất thuộc chủ sở hữu, chủ sử dụng hoặc đi thuê",,,,
https://masothue.com/3800752389-cong-ty-tnhh-hung-vuong-binh-phuoc,3800752389,Sản xuất vật liệu xây dựng từ đất sét,CHI NHÁNH CÔNG TY TNHH HÙNG VƯƠNG - BÌNH PHƯỚC - NHÀ MÁY BÊ TÔNG HÙNG VƯƠNG - BÌNH PHƯỚC,3800752389-001,TRẦN ANH TUẤN,"KCN Đồng Xoài I, Ấp 4, Xã Tân Thành, Thành phố Đồng Xoài, Tỉnh Bình Phước, Việt Nam"
https://masothue.com/1201044062-cong-ty-tnhh-cong-nghiep-minh-hung,1201044062,Sản xuất sản phẩm từ plastic,CHI NHÁNH CÔNG TY TNHH CÔNG NGHIỆP MINH HƯNG,1201044062-001,LÂM ĐẠO MINH,"527 - 529 Bình Thới, Phường 10, Quận 11, Thành phố Hồ Chí Minh, Việt Nam"
https://masothue.com/1201044062-cong-ty-tnhh-cong-nghiep-minh-hung,1201044062,Sản xuất sản phẩm từ plastic,CHI NHÁNH CÔNG TY TNHH CÔNG NGHIỆP MINH HƯNG TẠI CHÂU THÀNH TIỀN GIANG,1201044062-002,LÂM ĐẠO MINH,"Ấp Tây, Xã Nhị Bình, Huyện Châu Thành, Tỉnh Tiền Giang, Việt Nam"
https://masothue.com/1201044062-cong-ty-tnhh-cong-nghiep-minh-hung,1201044062,Sản xuất sản phẩm từ plastic,CHI NHÁNH TẠI BÌNH ĐIỀN CÔNG TY TNHH CÔNG NGHIỆP MINH HƯNG,1201044062-003,LÂM ĐẠO MINH,"C14/16 Quốc Lộ 1A, Ấp 3, Xã Tân Kiên, Huyện Bình Chánh, Thành phố Hồ Chí Minh, Việt Nam"
https://masothue.com/0305051312-cong-ty-cp-bat-dong-san-ban-viet,0305051312,"Kinh doanh bất động sản, quyền sử dụng đất thuộc chủ sở hữu, chủ sử dụng hoặc đi thuê",,,,
https://masothue.com/0313458020-cong-ty-tnhh-kho-van-thuong-mai-mien-dong,0313458020,"Kinh doanh bất động sản, quyền sử dụng đất thuộc chủ sở hữu, chủ sử dụng hoặc đi thuê",,,,
https://masothue.com/3500103496-cong-ty-trach-nhiem-huu-han-kinh-doanh-van-phong-dau-khi,3500103496,"Kinh doanh bất động sản, quyền sử dụng đất thuộc chủ sở hữu, chủ sử dụng hoặc đi thuê",,,,
https://masothue.com/4401050414-cong-ty-tnhh-nghi-duong-quoc-te-vinh-hoa-emerald-bay,4401050414,Dịch vụ lưu trú ngắn ngày,,,,
https://masothue.com/0102594320-cong-ty-co-phan-phat-trien-ha-tang-cong-nghiep-san-xuat-kinh-doanh-det-may-viet-nam,0102594320,"Kinh doanh bất động sản, quyền sử dụng đất thuộc chủ sở hữu, chủ sử dụng hoặc đi thuê",CHI NHÁNH TP. HỒ CHÍ MINH CÔNG TY CỔ PHẦN PHÁT TRIỂN HẠ TẦNG CÔNG NGHIỆP & SẢN XUẤT KINH DOANH DỆT MAY VIỆT NAM,0102594320-001,LÊ HỒNG THANH,"44 Đinh Tiên Hoàng, Phường 1, Quận Bình Thạnh, Thành phố Hồ Chí Minh, Việt Nam"
https://masothue.com/0102594320-cong-ty-co-phan-phat-trien-ha-tang-cong-nghiep-san-xuat-kinh-doanh-det-may-viet-nam,0102594320,"Kinh doanh bất động sản, quyền sử dụng đất thuộc chủ sở hữu, chủ sử dụng hoặc đi thuê",CHI NHÁNH HÀ NỘI - CÔNG TY CỔ PHẦN PHÁT TRIỂN HẠ TẦNG CÔNG NGHIỆP & SẢN XUẤT KINH DOANH DỆT MAY VIỆT NAM,0102594320-002,LÊ HỒNG THANH,"Số 191 đường Âu Cơ, Phường Quảng An, Quận Tây Hồ, Thành phố Hà Nội, Việt Nam"
https://masothue.com/0102594320-cong-ty-co-phan-phat-trien-ha-tang-cong-nghiep-san-xuat-kinh-doanh-det-may-viet-nam,0102594320,"Kinh doanh bất động sản, quyền sử dụng đất thuộc chủ sở hữu, chủ sử dụng hoặc đi thuê",CHI NHÁNH LIÊN DOANH VITC - BERWIN CÔNG TY CỔ PHẦN PHÁT TRIỂN HẠ TẦNG CÔNG NGHIỆP & SẢN XUẤT KINH DOANH DỆT MAY VIỆT NAM,0102594320-003,TRẦN THỊ THUÝ HƯỜNG,"18 Tăng Nhơn Phú, Phường Phước Long B, Quận 9, Thành phố Hồ Chí Minh, Việt Nam"
https://masothue.com/1201538537-cong-ty-tnhh-may-viet-long-hung,1201538537,May trang phục (trừ trang phục từ da lông thú),,,,
https://masothue.com/3702951770-cong-ty-tnhh-viet-thai-tech,3702951770,In ấn,,,,
https://masothue.com/0102594320-cong-ty-co-phan-phat-trien-ha-tang-cong-nghiep-san-xuat-kinh-doanh-det-may-viet-nam,0102594320,"Kinh doanh bất động sản, quyền sử dụng đất thuộc chủ sở hữu, chủ sử dụng hoặc đi thuê",CHI NHÁNH TP. HỒ CHÍ MINH CÔNG TY CỔ PHẦN PHÁT TRIỂN HẠ TẦNG CÔNG NGHIỆP & SẢN XUẤT KINH DOANH DỆT MAY VIỆT NAM,0102594320-001,LÊ HỒNG THANH,"44 Đinh Tiên Hoàng, Phường 1, Quận Bình Thạnh, Thành phố Hồ Chí Minh, Việt Nam"
https://masothue.com/0102594320-cong-ty-co-phan-phat-trien-ha-tang-cong-nghiep-san-xuat-kinh-doanh-det-may-viet-nam,0102594320,"Kinh doanh bất động sản, quyền sử dụng đất thuộc chủ sở hữu, chủ sử dụng hoặc đi thuê",CHI NHÁNH HÀ NỘI - CÔNG TY CỔ PHẦN PHÁT TRIỂN HẠ TẦNG CÔNG NGHIỆP & SẢN XUẤT KINH DOANH DỆT MAY VIỆT NAM,0102594320-002,LÊ HỒNG THANH,"Số 191 đường Âu Cơ, Phường Quảng An, Quận Tây Hồ, Thành phố Hà Nội, Việt Nam"
https://masothue.com/0102594320-cong-ty-co-phan-phat-trien-ha-tang-cong-nghiep-san-xuat-kinh-doanh-det-may-viet-nam,0102594320,"Kinh doanh bất động sản, quyền sử dụng đất thuộc chủ sở hữu, chủ sử dụng hoặc đi thuê",CHI NHÁNH LIÊN DOANH VITC - BERWIN CÔNG TY CỔ PHẦN PHÁT TRIỂN HẠ TẦNG CÔNG NGHIỆP & SẢN XUẤT KINH DOANH DỆT MAY VIỆT NAM,0102594320-003,TRẦN THỊ THUÝ HƯỜNG,"18 Tăng Nhơn Phú, Phường Phước Long B, Quận 9, Thành phố Hồ Chí Minh, Việt Nam"
https://masothue.com/0300828098-cong-ty-tnhh-coats-phong-phu,0300828098,Sản xuất sợi,CHI NHÁNH CÔNG TY TNHH COATS PHONG PHÚ,0300828098-001,NGUYỄN TẤT THẮNG,"Khu công nghiệp dệt may Phố Nối B, Xã Nghĩa Hiệp, Huyện Yên Mỹ, Tỉnh Hưng Yên, Việt Nam"
https://masothue.com/0300828098-cong-ty-tnhh-coats-phong-phu,0300828098,Sản xuất sợi,CỬA HÀNG GIỚI THIỆU SẢN PHẨM,0300828098-002,Khiếu Thiện Thuật,43 A đường 30/4 - - Thành phố Cần Thơ (hêt h.lực) - Cần Thơ.
https://masothue.com/0300828098-cong-ty-tnhh-coats-phong-phu,0300828098,Sản xuất sợi,CHI NHÁNH CÔNG TY TNHH COATS PHONG PHÚ TẠI THÀNH PHỐ ĐÀ NẴNG,0300828098-003,Nguyễn An Khiêm,64 Nguyễn Chí Thanh - Phường Hải Châu I - Quận Hải Châu - Đà Nẵng.
https://masothue.com/0300828098-cong-ty-tnhh-coats-phong-phu,0300828098,Sản xuất sợi,VĂN PHÒNG ĐẠI DIỆN CÔNG TY TNHH COATS PHONG PHÚ TẠI THÀNH PHỐ HỒ CHÍ MINH,0300828098-004,NISHANT MANUJA,"Tầng 8, tòa nhà Cantavil Premier Building, số 01 đường Song Hành Xa Lộ Hà Nội, Phường An Phú, Thành phố Thủ Đức, Thành phố Hồ Chí Minh, Việt Nam"
https://masothue.com/3502425844-cong-ty-tnhh-cang-quoc-te-my-xuan,3502425844,Hoạt động dịch vụ hỗ trợ khác liên quan đến vận tải,,,,
https://masothue.com/0102594320-cong-ty-co-phan-phat-trien-ha-tang-cong-nghiep-san-xuat-kinh-doanh-det-may-viet-nam,0102594320,"Kinh doanh bất động sản, quyền sử dụng đất thuộc chủ sở hữu, chủ sử dụng hoặc đi thuê",CHI NHÁNH TP. HỒ CHÍ MINH CÔNG TY CỔ PHẦN PHÁT TRIỂN HẠ TẦNG CÔNG NGHIỆP & SẢN XUẤT KINH DOANH DỆT MAY VIỆT NAM,0102594320-001,LÊ HỒNG THANH,"44 Đinh Tiên Hoàng, Phường 1, Quận Bình Thạnh, Thành phố Hồ Chí Minh, Việt Nam"
https://masothue.com/0102594320-cong-ty-co-phan-phat-trien-ha-tang-cong-nghiep-san-xuat-kinh-doanh-det-may-viet-nam,0102594320,"Kinh doanh bất động sản, quyền sử dụng đất thuộc chủ sở hữu, chủ sử dụng hoặc đi thuê",CHI NHÁNH HÀ NỘI - CÔNG TY CỔ PHẦN PHÁT TRIỂN HẠ TẦNG CÔNG NGHIỆP & SẢN XUẤT KINH DOANH DỆT MAY VIỆT NAM,0102594320-002,LÊ HỒNG THANH,"Số 191 đường Âu Cơ, Phường Quảng An, Quận Tây Hồ, Thành phố Hà Nội, Việt Nam"
https://masothue.com/0102594320-cong-ty-co-phan-phat-trien-ha-tang-cong-nghiep-san-xuat-kinh-doanh-det-may-viet-nam,0102594320,"Kinh doanh bất động sản, quyền sử dụng đất thuộc chủ sở hữu, chủ sử dụng hoặc đi thuê",CHI NHÁNH LIÊN DOANH VITC - BERWIN CÔNG TY CỔ PHẦN PHÁT TRIỂN HẠ TẦNG CÔNG NGHIỆP & SẢN XUẤT KINH DOANH DỆT MAY VIỆT NAM,0102594320-003,TRẦN THỊ THUÝ HƯỜNG,"18 Tăng Nhơn Phú, Phường Phước Long B, Quận 9, Thành phố Hồ Chí Minh, Việt Nam"
https://masothue.com/4101394090-cong-ty-tnhh-may-vinatex-bong-son,4101394090,May trang phục (trừ trang phục từ da lông thú),,,,
https://masothue.com/4300693948-cong-ty-trach-nhiem-huu-han-may-vinatex-tu-nghia,4300693948,May trang phục (trừ trang phục từ da lông thú),,,,
https://masothue.com/0304401701-cong-ty-trach-nhiem-huu-han-xay-dung-fico-corea,0304401701,Hoạt động xây dựng chuyên dụng khác,,,,
https://masothue.com/0314964301-cong-ty-tnhh-mot-thanh-vien-thuong-mai-vat-lieu-xay-dung-fico,0314964301,"Bán buôn vật liệu, thiết bị lắp đặt khác trong xây dựng",CHI NHÁNH CÔNG TY TNHH MỘT THÀNH VIÊN THƯƠNG MẠI VẬT LIỆU XÂY DỰNG FICO ĐÀ NẴNG,0314964301-001,TRẦN VĂN HẠNH,"45 Điện Biên Phủ, Phường Chính Gián, Quận Thanh Khê, Thành phố Đà Nẵng, Việt Nam"
https://masothue.com/0314964301-cong-ty-tnhh-mot-thanh-vien-thuong-mai-vat-lieu-xay-dung-fico,0314964301,"Bán buôn vật liệu, thiết bị lắp đặt khác trong xây dựng",CHI NHÁNH CÔNG TY TRÁCH NHIỆM HỮU HẠN MỘT THÀNH VIÊN THƯƠNG MẠI VẬT LIỆU XÂY DỰNG FICO ĐỒNG NAI,0314964301-002,NGUYỄN XUÂN THẮNG,"Số 5, Đường 16A, KCN Biên Hòa 2, Phường An Bình, Thành phố Biên Hoà, Tỉnh Đồng Nai, Việt Nam"
https://masothue.com/0314964301-cong-ty-tnhh-mot-thanh-vien-thuong-mai-vat-lieu-xay-dung-fico,0314964301,"Bán buôn vật liệu, thiết bị lắp đặt khác trong xây dựng",CHI NHÁNH CÔNG TY TNHH MỘT THÀNH VIÊN THƯƠNG MẠI VẬT LIỆU XÂY DỰNG FICO BÌNH DƯƠNG,0314964301-003,NGUYỄN XUÂN THẮNG,"lô F đường số 2B, KCN Đồng An, Phường Bình Hòa, Thành phố Thuận An, Tỉnh Bình Dương, Việt Nam"
https://masothue.com/0315650869-cong-ty-tnhh-mot-thanh-vien-kinh-doanh-san-pham-fico,0315650869,"Bán buôn vật liệu, thiết bị lắp đặt khác trong xây dựng",,,,
https://masothue.com/4201764563-cong-ty-tnhh-mot-thanh-vien-cat-cam-ranh-fico,4201764563,"Khai thác đá, cát, sỏi, đất sét",,,,
https://masothue.com/0106028622-cong-ty-tnhh-dau-tu-bt-cam-lo-tuy-loan,0106028622,Xây dựng công trình đường bộ,,,,
https://masothue.com/0201793207-cong-ty-co-phan-dau-tu-duong-ven-bien-hai-phong,0201793207,"Kinh doanh bất động sản, quyền sử dụng đất thuộc chủ sở hữu, chủ sử dụng hoặc đi thuê",,,,
https://masothue.com/3101060032-cong-ty-tnhh-dau-tu-xay-dung-cc1-quang-binh,3101060032,"Kinh doanh bất động sản, quyền sử dụng đất thuộc chủ sở hữu, chủ sử dụng hoặc đi thuê",,,,
https://masothue.com/Search/?q=3800100168-1&type=auto&token=1rtGSRhaMz&force-search=1,3800100168-1,Khác,,,,
https://masothue.com/0300831132-cong-ty-tnhh-nha-may-bia-heineken-viet-nam,0300831132,Sản xuất bia và mạch nha ủ men bia,CHI NHÁNH NHÀ MÁY BIA VIỆT NAM TẠI HP,0300831132-002,Lê Tấn Hùng,442 Lạch Tray - - Quận Ngô Quyền - Hải Phòng.
https://masothue.com/0300831132-cong-ty-tnhh-nha-may-bia-heineken-viet-nam,0300831132,Sản xuất bia và mạch nha ủ men bia,CHI NHÁNH CÔNG TY TNHH NHÀ MÁY BIA HEINEKEN VIỆT NAM TẠI THÀNH PHỐ ĐÀ NẴNG,0300831132-004,THÁI HOÀNG LONG,"502 đường Trần Cao Vân, Phường Xuân Hà, Quận Thanh Khê, Thành phố Đà Nẵng, Việt Nam"
https://masothue.com/0300831132-cong-ty-tnhh-nha-may-bia-heineken-viet-nam,0300831132,Sản xuất bia và mạch nha ủ men bia,CHI NHÁNH CÔNG TY TNHH NHÀ MÁY BIA HEINEKEN VIỆT NAM TẠI TỈNH KHÁNH HÒA,0300831132-005,LÊ PHƯỚC HƯNG,"Ô số 1,2,3 Tầng 7, Tòa nhà VCN Tower, số 02 đường Tố Hữu, Khu đô thị VCN, Phường Phước Hải, Thành phố Nha Trang, Tỉnh Khánh Hòa, Việt Nam"
https://masothue.com/0300831132-cong-ty-tnhh-nha-may-bia-heineken-viet-nam,0300831132,Sản xuất bia và mạch nha ủ men bia,CHI NHÁNH CTY LD NHÀ MÁY BIA VIỆT NAM,0300831132-006,Phạm Tôn Văn,165 KCN Sóng thần - - Thành phố Thuận An - Bình Dương.
https://masothue.com/0300831132-cong-ty-tnhh-nha-may-bia-heineken-viet-nam,0300831132,Sản xuất bia và mạch nha ủ men bia,TRẠM PHÂN PHỐI HÀNG,0300831132-007,Kevin Ng How Hwan,155A Sư Vạn Hạnh (nối Dài) - - Quận 10 - TP Hồ Chí Minh.
https://masothue.com/0300831132-cong-ty-tnhh-nha-may-bia-heineken-viet-nam,0300831132,Sản xuất bia và mạch nha ủ men bia,CHI NHÁNH CTY LIÊN DOANH NHÀ MÁY BIA VIỆT NAM TẠI CẦN THƠ,0300831132-008,Nguyễn Hoàng Ngọc,Lô P-R Trần Văn Khéo P.Cái Khế - - Quận Ninh Kiều - Cần Thơ.
https://masothue.com/0300831132-cong-ty-tnhh-nha-may-bia-heineken-viet-nam,0300831132,Sản xuất bia và mạch nha ủ men bia,CHI NHÁNH CÔNG TY TNHH NHÀ MÁY BIA HEINEKEN VIỆT NAM TẠI QUY NHƠN,0300831132-009,LÊ PHƯỚC QUÝ,"Số 109 Phan Đình Phùng, Phường Thị Nại, Thành phố Quy Nhơn, Tỉnh Bình Định, Việt Nam"
https://masothue.com/0300831132-cong-ty-tnhh-nha-may-bia-heineken-viet-nam,0300831132,Sản xuất bia và mạch nha ủ men bia,VĂN PHÒNG ĐẠI DIỆN CÔNG TY TNHH NHÀ MÁY BIA HEINEKEN VIỆT NAM TẠI THÀNH PHỐ HỒ CHÍ MINH,0300831132-010,TRẦN MINH TRIẾT,"Tòa nhà văn phòng SCSC, số 30, Đường Phan Thúc Duyện, Phường 4, Quận Tân Bình, Thành phố Hồ Chí Minh, Việt Nam"
https://masothue.com/0300831132-cong-ty-tnhh-nha-may-bia-heineken-viet-nam,0300831132,Sản xuất bia và mạch nha ủ men bia,CHI NHÁNH CÔNG TY TNHH NHÀ MÁY BIA HEINEKEN VIỆT NAM TẠI CẦN THƠ,0300831132-011,BÙI CHÁNH NGHĨA,"Lô 49, đường 18, KDC đô thị mới Hưng Phú, Phường Hưng Thạnh, Quận Cái Răng, Thành phố Cần Thơ, Việt Nam"
https://masothue.com/0300831132-cong-ty-tnhh-nha-may-bia-heineken-viet-nam,0300831132,Sản xuất bia và mạch nha ủ men bia,CHI NHÁNH CÔNG TY TNHH NHÀ MÁY BIA HEINEKEN VIỆT NAM TẠI TIỀN GIANG,0300831132-012,TRẦN VĂN NGHĨA,"Số 25 đường Nguyễn Công Bình, Xã Trung An, Thành phố Mỹ Tho, Tỉnh Tiền Giang, Việt Nam"
https://masothue.com/0300831132-cong-ty-tnhh-nha-may-bia-heineken-viet-nam,0300831132,Sản xuất bia và mạch nha ủ men bia,CÔNG TY TNHH NHÀ MÁY BIA HEINEKEN VIỆT NAM - CHI NHÁNH VÀ KHO TẠI BÌNH DƯƠNG,0300831132-013,ĐẶNG MINH TÂM,"Lô J1 - Đường số 08, Cụm sản xuất An Thạnh, Phường An Thạnh, Thành phố Thuận An, Tỉnh Bình Dương, Việt Nam"
https://masothue.com/0300831132-cong-ty-tnhh-nha-may-bia-heineken-viet-nam,0300831132,Sản xuất bia và mạch nha ủ men bia,CÔNG TY TNHH NHÀ MÁY BIA HEINEKEN VIỆT NAM- CHI NHÁNH TẠI BÀ RỊA VŨNG TÀU,0300831132-014,PHAN TIẾN VINH,"Khu Công nghiệp Mỹ Xuân A, Phường Mỹ Xuân, Thị xã Phú Mỹ, Tỉnh Bà Rịa - Vũng Tàu, Việt Nam"
https://masothue.com/0300831132-cong-ty-tnhh-nha-may-bia-heineken-viet-nam,0300831132,Sản xuất bia và mạch nha ủ men bia,CÔNG TY TNHH NHÀ MÁY BIA HEINEKEN VIỆT NAM - CHI NHÁNH TẠI VINH,0300831132-015,BÙI PHƯỚC KIM,"C14-C15 Đường Lê Nin, Khu Đô Thị Minh Khang, Xã Nghi Phú, Thành phố Vinh, Tỉnh Nghệ An, Việt Nam"
https://masothue.com/0300831132-cong-ty-tnhh-nha-may-bia-heineken-viet-nam,0300831132,Sản xuất bia và mạch nha ủ men bia,CÔNG TY TNHH NHÀ MÁY BIA HEINEKEN VIỆT NAM - CHI NHÁNH TẠI HẢI PHÒNG,0300831132-016,ĐINH TIẾN THÀNH,"Lầu 3, Tòa nhà Victory, số 119 - 121 Nguyễn Đức Cảnh, Phường Cát Dài, Quận Lê Chân, Thành phố Hải Phòng, Việt Nam"
https://masothue.com/0300831132-cong-ty-tnhh-nha-may-bia-heineken-viet-nam,0300831132,Sản xuất bia và mạch nha ủ men bia,CÔNG TY TNHH NHÀ MÁY BIA HEINEKEN VIỆT NAM - CHI NHÁNH HÀ NỘI,0300831132-017,LÊ ĐÌNH PHÚ,"Tầng 15, Tòa nhà Peakview Tower, 36 Hoàng Cầu, Phường Ô Chợ Dừa, Quận Đống Đa, Thành phố Hà Nội, Việt Nam"
https://masothue.com/0300831132-cong-ty-tnhh-nha-may-bia-heineken-viet-nam,0300831132,Sản xuất bia và mạch nha ủ men bia,KHO TẠI HẢI PHÒNG,0300831132-018,LEONARD CORNELIS JORDEN EVERS,16 Trần Khánh Dư - - Quận Ngô Quyền - Hải Phòng.
https://masothue.com/0300831132-cong-ty-tnhh-nha-may-bia-heineken-viet-nam,0300831132,Sản xuất bia và mạch nha ủ men bia,KHO THƯỜNG TÍN (DDKD),0300831132-019,LEONARD CORNELIS JORDEN EVERS,"Km 15+500, đường 427 - Xã Vân Tảo - Huyện Thường Tín - Hà Nội."
https://masothue.com/0300831132-cong-ty-tnhh-nha-may-bia-heineken-viet-nam,0300831132,Sản xuất bia và mạch nha ủ men bia,KHO CHÂU THÀNH SỐ 1- CÔNG TY TNHH NHÀ MÁY BIA HEINEKEN VIỆT NAM,0300831132-020,Võ Duy Hân,ấp Đông Hòa - Xã Song Thuận - Huyện Châu Thành - Tiền Giang.
https://masothue.com/0300831132-cong-ty-tnhh-nha-may-bia-heineken-viet-nam,0300831132,Sản xuất bia và mạch nha ủ men bia,CHI NHÁNH CÔNG TY TNHH NHÀ MÁY BIA HEINEKEN VIỆT NAM TẠI BUÔN MA THUỘT,0300831132-021,NGUYỄN VĂN THÀNH,"45 Lý Tự Trọng, Phường Tân An, TP.Buôn Ma Thuột, Tỉnh Đắk Lắk, Việt Nam"
https://masothue.com/0301876168-cong-ty-tnhh-bia-va-nuoc-giai-khat-heineken-viet-nam,0301876168,"Đại lý, môi giới, đấu giá",CHI NHÁNH CÔNG TY TNHH BIA VÀ NƯỚC GIẢI KHÁT HEINEKEN VIỆT NAM TẠI TIỀN GIANG,0301876168-001,PHẠM TƯƠI,"Khu công nghiệp Mỹ Tho, Xã Trung An, Thành phố Mỹ Tho, Tỉnh Tiền Giang, Việt Nam"
https://masothue.com/0301876168-cong-ty-tnhh-bia-va-nuoc-giai-khat-heineken-viet-nam,0301876168,"Đại lý, môi giới, đấu giá",TRUNG TÂM PHÂN PHỐI FOSTER'S VIỆT NAM TẠI HÀ NỘI,0301876168-003,Patnice Calmes,"Toà nhà TCT,tầng 2,777 Giải Phóng - - Huyện Thanh Trì - Hà Nội."
https://masothue.com/0301876168-cong-ty-tnhh-bia-va-nuoc-giai-khat-heineken-viet-nam,0301876168,"Đại lý, môi giới, đấu giá",CHI NHÁNH CÔNG TY TNHH BIA VÀ NƯỚC GIẢI KHÁT HEINEKEN VIỆT NAM TẠI CẦN THƠ,0301876168-004,ĐẶNG DUY PHƯƠNG,"Quốc lộ 61B, ấp Nhơn Hưng A, Xã Nhơn Nghĩa, Huyện Phong Điền, Thành phố Cần Thơ, Việt Nam"
https://masothue.com/0301876168-cong-ty-tnhh-bia-va-nuoc-giai-khat-heineken-viet-nam,0301876168,"Đại lý, môi giới, đấu giá",TRUNG TÂM PHÂN PHỐI NHA TRANG FOSTER'S VN LTD,0301876168-005,Patrice Calmé,59A đường 7A Bình Tân - - Thành phố Nha Trang - Khánh Hòa.
https://masothue.com/0301876168-cong-ty-tnhh-bia-va-nuoc-giai-khat-heineken-viet-nam,0301876168,"Đại lý, môi giới, đấu giá",TRUNG TÂM PHÂN PHỐI CÀ MAU,0301876168-006,Patrice Calmel,"308B Lý Văn Lâm, phường 1 - - Thành phố Cà Mau - Cà Mau."
https://masothue.com/0301876168-cong-ty-tnhh-bia-va-nuoc-giai-khat-heineken-viet-nam,0301876168,"Đại lý, môi giới, đấu giá",TRUNG TÂM PHÂN PHỐI RẠCH GIÁ FOSTER'S VIETNAM LTD,0301876168-007,Patrice Calmes,56A Quốc Lộ 80- ấp Phước Hòa- Mong Thọ - - Huyện Châu Thành - Kiên Giang.
https://masothue.com/0301876168-cong-ty-tnhh-bia-va-nuoc-giai-khat-heineken-viet-nam,0301876168,"Đại lý, môi giới, đấu giá",CHI NHÁNH CÔNG TY TNHH BIA VÀ NƯỚC GIẢI KHÁT HEINEKEN VIỆT NAM TẠI ĐÀ NẴNG,0301876168-008,NGUYỄN THANH THỌ,"Đường số 6, KCN Hòa Khánh, Phường Hoà Khánh Bắc, Quận Liên Chiểu, Thành phố Đà Nẵng, Việt Nam"
https://masothue.com/0301876168-cong-ty-tnhh-bia-va-nuoc-giai-khat-heineken-viet-nam,0301876168,"Đại lý, môi giới, đấu giá",TRUNG TÂM PHÂN PHỐI HUẾ CỦA CTY TNHH FOSTER' S VIET NAM,0301876168-009,Tony Downey,294 Tăng Bạt Hổ - - Thành phố Huế - Thừa Thiên - Huế.
https://masothue.com/0301876168-cong-ty-tnhh-bia-va-nuoc-giai-khat-heineken-viet-nam,0301876168,"Đại lý, môi giới, đấu giá",TRUNG TÂM PHÂN PHỐI TẠI GIA LAI,0301876168-010,TONY DOWNEY,Số 7- Cách Mạng - - Thành phố Pleiku - Gia Lai.
https://masothue.com/0301876168-cong-ty-tnhh-bia-va-nuoc-giai-khat-heineken-viet-nam,0301876168,"Đại lý, môi giới, đấu giá",TRUNG TÂM PHÂN PHỐI SÓNG THẦN,0301876168-011,,Ga Sóng Thần - - Thành phố Dĩ An - Bình Dương.
https://masothue.com/0301876168-cong-ty-tnhh-bia-va-nuoc-giai-khat-heineken-viet-nam,0301876168,"Đại lý, môi giới, đấu giá",CÔNG TY TNHH BIA VÀ NƯỚC GIẢI KHÁT HEINEKEN VIỆT NAM - CHI NHÁNH VÀ KHO TẠI TỈNH BÌNH DƯƠNG,0301876168-012,ĐẶNG MINH TÂM,"Lô J1 đường số 8, Cụm sản xuất An Thạnh, Phường An Thạnh, Thành phố Thuận An, Tỉnh Bình Dương, Việt Nam"
https://masothue.com/0301876168-cong-ty-tnhh-bia-va-nuoc-giai-khat-heineken-viet-nam,0301876168,"Đại lý, môi giới, đấu giá",TRUNG TÂM PHÂN PHỐI LONG XUYÊN FOSTER'S VIETNAM LTD,0301876168-013,Lương Thanh Lâm,"Cảng Mỹ Thới, QL 91, Mỹ Thạnh - - Thành phố Long Xuyên - An Giang."
https://masothue.com/0301876168-cong-ty-tnhh-bia-va-nuoc-giai-khat-heineken-viet-nam,0301876168,"Đại lý, môi giới, đấu giá",TRUNG TÂM PHÂN PHỐI SÓC TRĂNG,0301876168-014,Patrice Calmes,"692 Lý Thường Kiệt, P4 - - Thành phố Sóc Trăng - Sóc Trăng."
https://masothue.com/0301876168-cong-ty-tnhh-bia-va-nuoc-giai-khat-heineken-viet-nam,0301876168,"Đại lý, môi giới, đấu giá",TRUNG TÂM PHÂN PHỐI VĨNH LONG FOSTER'S VIETNAM LTD,0301876168-015,Patrice calmes,170/2 phạm Hùng phường 9 - - Thành phố Vĩnh Long - Vĩnh Long.
https://masothue.com/0301876168-cong-ty-tnhh-bia-va-nuoc-giai-khat-heineken-viet-nam,0301876168,"Đại lý, môi giới, đấu giá",TRUNG TÂM PHÂN PHỐI SẢN PHẨM TẠI QUẢNG NGÃI,0301876168-016,Trần Tiến Sĩ,Khu Kho A1-Phường Trần Phú - - Thành phố Quảng Ngãi - Quảng Ngãi.
https://masothue.com/0301876168-cong-ty-tnhh-bia-va-nuoc-giai-khat-heineken-viet-nam,0301876168,"Đại lý, môi giới, đấu giá",FOSTERS VIÊT NAM LIMITED CHI NHÁNH VŨNG TÀU,0301876168-017,PATRICE CALMES,"Khu ấp 1 Song Vĩnh, Phước Hoà - - Thị Xã Phú Mỹ - Bà Rịa - Vũng Tàu."
https://masothue.com/0301876168-cong-ty-tnhh-bia-va-nuoc-giai-khat-heineken-viet-nam,0301876168,"Đại lý, môi giới, đấu giá",TRUNG TÂM PHÂN PHỐI ĐÀ LẠT,0301876168-018,Dương Đình Đệ,222A - Đa Thiện - - Thành phố Đà Lạt - Lâm Đồng.
https://masothue.com/0301876168-cong-ty-tnhh-bia-va-nuoc-giai-khat-heineken-viet-nam,0301876168,"Đại lý, môi giới, đấu giá",CHI NHÁNH CÔNG TY TNHH BIA VÀ NƯỚC GIẢI KHÁT HEINEKEN VIỆT NAM TẠI QUẢNG NAM,0301876168-019,ĐINH VĂN ĐẠI,"Lô số 2, KCN Điện Nam - Điện Ngọc, Phường Điện Ngọc, Thị xã Điện Bàn, Tỉnh Quảng Nam, Việt Nam"
https://masothue.com/0301876168-cong-ty-tnhh-bia-va-nuoc-giai-khat-heineken-viet-nam,0301876168,"Đại lý, môi giới, đấu giá",CÔNG TY TNHH BIA VÀ NƯỚC GIẢI KHÁT HEINEKEN VIỆT NAM - CHI NHÁNH TẠI BÀ RỊA VŨNG TÀU,0301876168-020,HÀ VĂN THÀNH,"Đường số 3, Khu công nghiệp Mỹ Xuân A, Phường Mỹ Xuân, Thị xã Phú Mỹ, Tỉnh Bà Rịa - Vũng Tàu, Việt Nam"
https://masothue.com/0301876168-cong-ty-tnhh-bia-va-nuoc-giai-khat-heineken-viet-nam,0301876168,"Đại lý, môi giới, đấu giá",CÔNG TY TNHH BIA VÀ NƯỚC GIẢI KHÁT HEINEKEN VIỆT NAM - CHI NHÁNH TẠI KHÁNH HÒA,0301876168-021,ĐẶNG MINH TÂM,"Quốc Lộ 1, thôn 3, Xã Diên Phú, Huyện Diên Khánh, Tỉnh Khánh Hòa, Việt Nam"
https://masothue.com/0301876168-cong-ty-tnhh-bia-va-nuoc-giai-khat-heineken-viet-nam,0301876168,"Đại lý, môi giới, đấu giá",KHO VÂN TẢO (DDKD),0301876168-022,LEONARD CORNELIS JORDEN EVERS,"Km 15+500, đường 427 - Xã Vân Tảo - Huyện Thường Tín - Hà Nội."
https://masothue.com/0301876168-cong-ty-tnhh-bia-va-nuoc-giai-khat-heineken-viet-nam,0301876168,"Đại lý, môi giới, đấu giá",KHO VINH SỐ 2 - CÔNG TY TNHH BIA VÀ NƯỚC GIẢI KHÁT HEINEKEN VIỆT NAM,0301876168-023,LEONARD CORNELIS JORDEN EVERS,"Đường Xô Viết Nghệ Tĩnh, Xóm 7 - Xã Nghi Phú - Thành phố Vinh - Nghệ An."
https://masothue.com/0301876168-cong-ty-tnhh-bia-va-nuoc-giai-khat-heineken-viet-nam,0301876168,"Đại lý, môi giới, đấu giá",KHO CHÂU THÀNH SỐ 2- CÔNG TY TNHH BIA VÀ NƯỚC GIẢI KHÁT HEINEKEN VIỆT NAM,0301876168-024,Võ Duy Hân,ấp Đông Hòa - Xã Song Thuận - Huyện Châu Thành - Tiền Giang.
https://masothue.com/0303903586-cong-ty-tnhh-thuong-mai-sai-gon-song-kim,0303903586,Hoạt động vui chơi giải trí khác chưa được phân vào đâu,,,,
https://masothue.com/1401484744-cong-ty-tnhh-luong-thuc-ngoc-dong,1401484744,Xay xát và sản xuất bột thô,CÔNG TY TNHH LƯƠNG THỰC NGỌC ĐỒNG - CHI NHÁNH TRƯỜNG PHÚ,1401484744-001,LƯU CHÍ TÂM,"Ấp Trường Phú A, Xã Trường Thắng, Huyện Thới Lai, Thành phố Cần Thơ, Việt Nam"
https://masothue.com/1600674718-cong-ty-tnhh-thuong-mai-sai-gon-an-giang,1600674718,Bán buôn chuyên doanh khác chưa được phân vào đâu,,,,
https://masothue.com/1200668251-cong-ty-tnhh-thuy-san-viet-nga-tien-giang,1200668251,"Chế biến, bảo quản thuỷ sản và các sản phẩm từ thuỷ sản",,,,
https://masothue.com/1300356577-cong-ty-tnhh-mot-thanh-vien-xang-dau-vinh-phat,1300356577,"Bán buôn nhiên liệu rắn, lỏng, khí và các sản phẩm liên quan",,,,
https://masothue.com/6300133869-cong-ty-trach-nhiem-huu-han-mot-thanh-vien-thuong-mai-dau-khi-hau-giang,6300133869,"Bán buôn nhiên liệu rắn, lỏng, khí và các sản phẩm liên quan",CHI NHÁNH CÔNG TY TRÁCH NHIỆM HỮU HẠN MỘT THÀNH VIÊN THƯƠNG MẠI DẦU KHÍ HẬU GIANG TẠI VĨNH LONG,6300133869-001,LÝ HỒNG THÀNH,"Số 08 tổ 4, ấp Phú Thành, Xã Tân Phú, Huyện Tam Bình, Tỉnh Vĩnh Long, Việt Nam"
https://masothue.com/6300133869-cong-ty-trach-nhiem-huu-han-mot-thanh-vien-thuong-mai-dau-khi-hau-giang,6300133869,"Bán buôn nhiên liệu rắn, lỏng, khí và các sản phẩm liên quan",CHI NHÁNH CÔNG TY TRÁCH NHIỆM HỮU HẠN MỘT THÀNH VIÊN THƯƠNG MẠI DẦU KHÍ HẬU GIANG TẠI CẦN THƠ,6300133869-002,TRẦN NGỌC VINH,"Khu vực 5, Phường Châu Văn Liêm, Quận Ô Môn, Thành phố Cần Thơ, Việt Nam"
https://masothue.com/6300133869-cong-ty-trach-nhiem-huu-han-mot-thanh-vien-thuong-mai-dau-khi-hau-giang,6300133869,"Bán buôn nhiên liệu rắn, lỏng, khí và các sản phẩm liên quan",CÔNG TY TRÁCH NHIỆM HỮU HẠN MỘT THÀNH VIÊN THƯƠNG MẠI DẦU KHÍ HẬU GIANG - TRẠM XĂNG DẦU PHƯỚC THỚI,6300133869-003,,"24/15, Khu vực Bình Lập - Phường Phước Thới - Quận Ô Môn - Cần Thơ."
https://masothue.com/6300133869-cong-ty-trach-nhiem-huu-han-mot-thanh-vien-thuong-mai-dau-khi-hau-giang,6300133869,"Bán buôn nhiên liệu rắn, lỏng, khí và các sản phẩm liên quan",CÔNG TY TRÁCH NHIỆM HỮU HẠN MỘT THÀNH VIÊN THƯƠNG MẠI DẦU KHÍ HẬU GIANG-TRẠM XĂNG DẦU LONG HƯNG,6300133869-005,,Khu vực Thới Hưng - Phường Long Hưng - Quận Ô Môn - Cần Thơ.
https://masothue.com/2500570964-cong-ty-tnhh-dau-tu-xay-dung-va-thuong-mai-act,2500570964,Xây dựng nhà các loại,,,,
https://masothue.com/2500503083-cong-ty-tnhh-vitto-vp,2500503083,Sản xuất vật liệu xây dựng từ đất sét,KHO HÀNG - CHI NHÁNH CÔNG TY TNHH VITTO - VP,2500503083-001,TẠ HỮU LUẬN,"Thửa đất số 04, Tờ bản đồ số 79, Quốc lộ 1A, Xã Hoà Châu, Huyện Hoà Vang, Thành phố Đà Nẵng, Việt Nam"
https://masothue.com/2500618609-cong-ty-tnhh-vitto-trading,2500618609,Sản xuất vật liệu xây dựng từ đất sét,,,,
https://masothue.com/3301518915-cong-ty-tnhh-vitto,3301518915,Sản xuất vật liệu xây dựng từ đất sét,,,,
https://masothue.com/3301568024-cong-ty-tnhh-vitto-phu-loc,3301568024,Sản xuất vật liệu xây dựng từ đất sét,,,,
https://masothue.com/2500618327-cong-ty-tnhh-chinh-xac-shiang-yu,2500618327,Sản xuất khác chưa được phân vào đâu,,,,
https://masothue.com/3400835873-cong-ty-tnhh-japfa-comfeed-binh-thuan,3400835873,"Sản xuất thức ăn gia súc, gia cầm và thuỷ sản",CÔNG TY TNHH JAPFA COMFEED BÌNH THUẬN - CHI NHÁNH BÌNH DƯƠNG,3400835873-001,YANTI,"Ấp Bà Phái, Xã Long Nguyên, Huyện Bàu Bàng, Tỉnh Bình Dương, Việt Nam"
https://masothue.com/3400835873-cong-ty-tnhh-japfa-comfeed-binh-thuan,3400835873,"Sản xuất thức ăn gia súc, gia cầm và thuỷ sản",CHI NHÁNH CÔNG TY TNHH JAPFA COMFEED BÌNH THUẬN,3400835873-002,YANTI,"398A, đường Đồng Khởi, KP 3, Phường Tân Hiệp, Thành phố Biên Hoà, Tỉnh Đồng Nai, Việt Nam"
https://masothue.com/3400835873-cong-ty-tnhh-japfa-comfeed-binh-thuan,3400835873,"Sản xuất thức ăn gia súc, gia cầm và thuỷ sản",CÔNG TY TNHH JAPFA COMFEED BÌNH THUẬN - CHI NHÁNH LÂM ĐỒNG,3400835873-003,Hoàng Phan Tuấn,- - Xã Mỹ Đức - Huyện Đạ Tẻh - Lâm Đồng.
https://masothue.com/3400835873-cong-ty-tnhh-japfa-comfeed-binh-thuan,3400835873,"Sản xuất thức ăn gia súc, gia cầm và thuỷ sản",CÔNG TY TNHH JAPFA COMFEED BÌNH THUẬN - CHI NHÁNH CẦN THƠ,3400835873-004,YANTI,"24, đường Bùi Quang Trinh, Khu dân cư Phú An, Khu đô thị mới Nam Sông Cần Thơ, Phường Phú Thứ, Quận Cái Răng, Thành phố Cần Thơ, Việt Nam"
https://masothue.com/3701737485-cong-ty-trach-nhiem-huu-han-jupiter-foods-viet-nam,3701737485,Sản xuất thực phẩm khác chưa được phân vào đâu,VĂN PHÒNG ĐẠI DIỆN CÔNG TY TRÁCH NHIỆM HỮU HẠN JUPITER FOODS VIỆT NAM TẠI THÀNH PHỐ HỒ CHÍ MINH,3701737485-001,NGUYỄN THANH THÚY,"Biệt thự số 601B, Đường số 15, Phường An Phú, Quận 2, Thành phố Hồ Chí Minh, Việt Nam"
https://masothue.com/3801021656-cong-ty-tnhh-hypor-viet-nam,3801021656,Hoạt động dịch vụ chăn nuôi,,,,
https://masothue.com/5200213156-cong-ty-tnhh-tong-cong-ty-hoa-binh-minh,5200213156,"Bán buôn vật liệu, thiết bị lắp đặt khác trong xây dựng",CN CTY TNHH TCT HOÀ BÌNH MINH TẠI TB,5200213156-001,Võ Trung Nghĩa,Phố Lê Đại Hành tổ17 P. Kỳ Bá - - Thành phố Thái Bình - Thái Bình.
https://masothue.com/5200213156-cong-ty-tnhh-tong-cong-ty-hoa-binh-minh,5200213156,"Bán buôn vật liệu, thiết bị lắp đặt khác trong xây dựng",VĂN PHÒNG ĐẠI DIỆN CÔNG TY TNHH TỔNG CÔNG TY HOÀ BÌNH MINH,5200213156-002,BÙI MINH LỰC,"Tổ 17, Phường Yên Nghĩa, Quận Hà Đông, Thành phố Hà Nội, Việt Nam"
https://masothue.com/5200213156-cong-ty-tnhh-tong-cong-ty-hoa-binh-minh,5200213156,"Bán buôn vật liệu, thiết bị lắp đặt khác trong xây dựng",CHI NHÁNH VẬT LIỆU XÂY DỰNG HÒA BÌNH MINH BẮC GIANG - CÔNG TY TNHH TỔNG CÔNG TY HOÀ BÌNH MINH,5200213156-003,NGUYỄN ANH THẮNG,"Xóm Lò, Xã Tân Mỹ, Thành phố Bắc Giang, Tỉnh Bắc Giang, Việt Nam"
https://masothue.com/5200213156-cong-ty-tnhh-tong-cong-ty-hoa-binh-minh,5200213156,"Bán buôn vật liệu, thiết bị lắp đặt khác trong xây dựng",CÔNG TY TNHH TỔNG CÔNG TY HOÀ BÌNH MINH - CHI NHÁNH VẬT LIỆU XÂY DỰNG BÌNH DƯƠNG,5200213156-004,NGUYỄN VĂN LƯƠNG,"Số 2/123 Khu phố Hòa Lân 2, Phường Thuận Giao, Thành phố Thuận An, Tỉnh Bình Dương, Việt Nam"
https://masothue.com/5200213156-cong-ty-tnhh-tong-cong-ty-hoa-binh-minh,5200213156,"Bán buôn vật liệu, thiết bị lắp đặt khác trong xây dựng",CÔNG TY TNHH TỔNG CÔNG TY HOÀ BÌNH MINH-CHI NHÁNH VẬT LIỆU XÂY DỰNG ĐỒNG NAI,5200213156-005,NGUYỄN THÁI BÌNH,"(Trong khuôn viên Chi nhánh Công ty CP An Bình), A6, KP 3 - Phường Tam Hòa - Thành phố Biên Hoà - Đồng Nai."
https://masothue.com/5200213156-cong-ty-tnhh-tong-cong-ty-hoa-binh-minh,5200213156,"Bán buôn vật liệu, thiết bị lắp đặt khác trong xây dựng",CÔNG TY TNHH TỔNG CÔNG TY HOÀ BÌNH MINH - VĂN PHÒNG ĐẠI DIỆN TẠI ĐỒNG NAI,5200213156-006,BÙI MINH LỰC,"Lô 8A, đường Đồng Khởi, KP 4, Phường Tân Hiệp, Thành phố Biên Hoà, Tỉnh Đồng Nai, Việt Nam"
https://masothue.com/5200213156-cong-ty-tnhh-tong-cong-ty-hoa-binh-minh,5200213156,"Bán buôn vật liệu, thiết bị lắp đặt khác trong xây dựng",CHI NHÁNH CÔNG TY TNHH TỔNG CÔNG TY HOÀ BÌNH MINH TẠI HÀ NAM,5200213156-007,LƯƠNG NGỌC PHƯƠNG,"Số 29, Tổ 7, Đường Lê Hoàn, Phường Quang Trung, Thành phố Phủ Lý, Tỉnh Hà Nam, Việt Nam"
https://masothue.com/5200213156-cong-ty-tnhh-tong-cong-ty-hoa-binh-minh,5200213156,"Bán buôn vật liệu, thiết bị lắp đặt khác trong xây dựng",CÔNG TY TNHH TỔNG CÔNG TY HOÀ BÌNH MINH - CHI NHÁNH CẦN THƠ,5200213156-008,TRẦN TUẤN ANH,"50A, Quốc lộ 1A, Phường Ba Láng, Quận Cái Răng, Thành phố Cần Thơ, Việt Nam"
https://masothue.com/5200213156-cong-ty-tnhh-tong-cong-ty-hoa-binh-minh,5200213156,"Bán buôn vật liệu, thiết bị lắp đặt khác trong xây dựng",CHI NHÁNH CÔNG TY TNHH TỔNG CÔNG TY HOÀ BÌNH MINH,5200213156-009,BÙI VĂN VƯỢNG,"Số 820, Quốc lộ 13, khu phố 4, Phường Hiệp Bình Phước, Thành phố Thủ Đức, Thành phố Hồ Chí Minh, Việt Nam"
https://masothue.com/5200213156-cong-ty-tnhh-tong-cong-ty-hoa-binh-minh,5200213156,"Bán buôn vật liệu, thiết bị lắp đặt khác trong xây dựng",CÔNG TY TNHH TỔNG CÔNG TY HOÀ BÌNH MINH- CHI NHÁNH TIỀN GIANG,5200213156-010,TRẦN TUẤN ANH,"Thửa đất số 2464,2465,2466- Tờ bản đồ số 06, Ấp Tây, Xã Nhị Bình, Huyện Châu Thành, Tỉnh Tiền Giang, Việt Nam"
https://masothue.com/5200213156-cong-ty-tnhh-tong-cong-ty-hoa-binh-minh,5200213156,"Bán buôn vật liệu, thiết bị lắp đặt khác trong xây dựng",CÔNG TY TNHH TỔNG CÔNG TY HOÀ BÌNH MINH - CHI NHÁNH ĐÀ NẴNG,5200213156-011,TRẦN TUẤN ANH,"03 Phạm Hùng, Phường Hoà Xuân, Quận Cẩm Lệ, Thành phố Đà Nẵng, Việt Nam"
https://masothue.com/5200213156-cong-ty-tnhh-tong-cong-ty-hoa-binh-minh,5200213156,"Bán buôn vật liệu, thiết bị lắp đặt khác trong xây dựng",CÔNG TY TNHH TỔNG CÔNG TY HOÀ BÌNH MINH - CHI NHÁNH AN GIANG,5200213156-012,PHÙNG GIA HỮU,"Quốc lộ 91, Tổ 15, Khóm Đông Thạnh B, Phường Mỹ Thạnh, Thành phố Long Xuyên , Tỉnh An Giang, Việt Nam"
https://masothue.com/5200213156-cong-ty-tnhh-tong-cong-ty-hoa-binh-minh,5200213156,"Bán buôn vật liệu, thiết bị lắp đặt khác trong xây dựng",CHI NHÁNH PHÚ THỌ - CÔNG TY TNHH TỔNG CÔNG TY HOÀ BÌNH MINH,5200213156-013,PHẠM VĂN BẮC,"Khu 4, Phường Vân Phú, Thành phố Việt Trì, Tỉnh Phú Thọ, Việt Nam"
https://masothue.com/5200213156-cong-ty-tnhh-tong-cong-ty-hoa-binh-minh,5200213156,"Bán buôn vật liệu, thiết bị lắp đặt khác trong xây dựng",CÔNG TY TNHH TỔNG CÔNG TY HOÀ BÌNH MINH - CHI NHÁNH KHÁNH HÒA,5200213156-014,TRƯƠNG QUỐC THÁI,"Số 161 Quốc lộ 1A, Thôn Như Xuân, Xã Vĩnh Phương, Thành phố Nha Trang, Tỉnh Khánh Hòa, Việt Nam"
https://masothue.com/5200213156-cong-ty-tnhh-tong-cong-ty-hoa-binh-minh,5200213156,"Bán buôn vật liệu, thiết bị lắp đặt khác trong xây dựng",CHI NHÁNH BÌNH PHƯỚC - CÔNG TY TNHH TỔNG CÔNG TY HOÀ BÌNH MINH,5200213156-015,NGUYỄN VĂN LƯƠNG,"Số 71, Đường quốc lộ 14, Ấp Cầu II, Xã Đồng Tiến, Huyện Đồng Phú, Tỉnh Bình Phước, Việt Nam"
https://masothue.com/5200213156-cong-ty-tnhh-tong-cong-ty-hoa-binh-minh,5200213156,"Bán buôn vật liệu, thiết bị lắp đặt khác trong xây dựng",VĂN PHÒNG ĐẠI DIỆN TẠI TP. HỒ CHÍ MINH - CÔNG TY TNHH TỔNG CÔNG TY HOÀ BÌNH MINH,5200213156-016,BÙI QUANG MINH,"Tầng 31, toà nhà Pearl Plaza, số 561A Điện Biên Phủ, Phường 25, Quận Bình Thạnh, Thành phố Hồ Chí Minh, Việt Nam"
https://masothue.com/5200213156-cong-ty-tnhh-tong-cong-ty-hoa-binh-minh,5200213156,"Bán buôn vật liệu, thiết bị lắp đặt khác trong xây dựng",CHI NHÁNH BÀ RỊA - VŨNG TÀU - CÔNG TY TNHH TỔNG CÔNG TY HOÀ BÌNH MINH,5200213156-017,DƯƠNG VĂN TUÂN,"Tổ 14, khu phố Kim Sơn, Phường Kim Dinh, Thành phố Bà Rịa, Tỉnh Bà Rịa - Vũng Tàu, Việt Nam"
https://masothue.com/5200213156-cong-ty-tnhh-tong-cong-ty-hoa-binh-minh,5200213156,"Bán buôn vật liệu, thiết bị lắp đặt khác trong xây dựng",CHI NHÁNH VĨNH LONG - CÔNG TY TNHH TỔNG CÔNG TY HOÀ BÌNH MINH,5200213156-018,PHÙNG GIA HỮU,"Tổ 14, ấp Mỹ Thuận, Xã Tân Hội, Thành phố Vĩnh Long, Tỉnh Vĩnh Long, Việt Nam"
https://masothue.com/5200213156-cong-ty-tnhh-tong-cong-ty-hoa-binh-minh,5200213156,"Bán buôn vật liệu, thiết bị lắp đặt khác trong xây dựng",CÔNG TY TNHH TỔNG CÔNG TY HOÀ BÌNH MINH - CHI NHÁNH Ô TÔ VĨNH PHÚC,5200213156-019,NGUYỄN MẠNH TUẤN,"Khu Dộc Đồng, Đường đầu cầu vượt Quốc lộ 2A , Phường Khai Quang, Thành phố Vĩnh Yên, Tỉnh Vĩnh Phúc, Việt Nam"
https://masothue.com/5200213156-cong-ty-tnhh-tong-cong-ty-hoa-binh-minh,5200213156,"Bán buôn vật liệu, thiết bị lắp đặt khác trong xây dựng",CHI NHÁNH ĐẮK LẮK - CÔNG TY TNHH TỔNG CÔNG TY HOÀ BÌNH MINH,5200213156-020,TRỊNH ĐỨC LONG,"146/2/32 Nguyễn Chí Thanh, Phường Tân An, TP.Buôn Ma Thuột, Tỉnh Đắk Lắk, Việt Nam"
https://masothue.com/5200213156-cong-ty-tnhh-tong-cong-ty-hoa-binh-minh,5200213156,"Bán buôn vật liệu, thiết bị lắp đặt khác trong xây dựng",CHI NHÁNH BÌNH ĐỊNH - CÔNG TY TNHH TỔNG CÔNG TY HOÀ BÌNH MINH,5200213156-021,PHÙNG GIA HỮU,"Lô B1 đường số 3 Cụm Công nghiệp Nhơn Bình, Phường Nhơn Bình, Thành phố Quy Nhơn, Tỉnh Bình Định, Việt Nam"
https://masothue.com/5200213156-cong-ty-tnhh-tong-cong-ty-hoa-binh-minh,5200213156,"Bán buôn vật liệu, thiết bị lắp đặt khác trong xây dựng",CHI NHÁNH CÀ MAU - CÔNG TY TNHH TỔNG CÔNG TY HOÀ BÌNH MINH,5200213156-022,PHÙNG GIA HỮU,"Số 245B, đường Lý Văn Lâm, Khóm 6, Phường 1, Thành phố Cà Mau, Tỉnh Cà Mau, Việt Nam"
https://masothue.com/5200213156-cong-ty-tnhh-tong-cong-ty-hoa-binh-minh,5200213156,"Bán buôn vật liệu, thiết bị lắp đặt khác trong xây dựng",CHI NHÁNH LÂM ĐỒNG - CÔNG TY TNHH TỔNG CÔNG TY HOÀ BÌNH MINH,5200213156-023,TRƯƠNG QUỐC THÁI,"Chi Rông, Xã Phú Hội, Huyện Đức Trọng, Tỉnh Lâm Đồng, Việt Nam"
https://masothue.com/5200213156-cong-ty-tnhh-tong-cong-ty-hoa-binh-minh,5200213156,"Bán buôn vật liệu, thiết bị lắp đặt khác trong xây dựng",CHI NHÁNH BÌNH THUẬN - CÔNG TY TNHH TỔNG CÔNG TY HOÀ BÌNH MINH,5200213156-024,LÊ HOÀNG THÔNG,"Thôn Thắng Thuận, Xã Hàm Thắng, Huyện Hàm Thuận Bắc, Tỉnh Bình Thuận, Việt Nam"
https://masothue.com/5200213156-cong-ty-tnhh-tong-cong-ty-hoa-binh-minh,5200213156,"Bán buôn vật liệu, thiết bị lắp đặt khác trong xây dựng",CHI NHÁNH TÂY NINH - CÔNG TY TNHH TỔNG CÔNG TY HOÀ BÌNH MINH,5200213156-025,NGÔ TRỌNG HẬU,"Số 272A, Đường quốc lộ 22B, KP Hiệp Trường, Phường Hiệp Tân, Thị xã Hoà Thành, Tỉnh Tây Ninh, Việt Nam"
https://masothue.com/5200213156-cong-ty-tnhh-tong-cong-ty-hoa-binh-minh,5200213156,"Bán buôn vật liệu, thiết bị lắp đặt khác trong xây dựng",CHI NHÁNH LONG AN - CÔNG TY TNHH TỔNG CÔNG TY HOÀ BÌNH MINH,5200213156-026,PHÙNG GIA HỮU,"ấp 5, Xã Nhị Thành, Huyện Thủ Thừa, Tỉnh Long An, Việt Nam"
https://masothue.com/5200213156-cong-ty-tnhh-tong-cong-ty-hoa-binh-minh,5200213156,"Bán buôn vật liệu, thiết bị lắp đặt khác trong xây dựng",CHI NHÁNH GIA LAI - CÔNG TY TNHH TỔNG CÔNG TY HOÀ BÌNH MINH,5200213156-027,PHÙNG GIA HỮU,"939 Trường Chinh, tổ 1, Phường Chi Lăng, Thành phố Pleiku, Tỉnh Gia Lai, Việt Nam"
https://masothue.com/5200213156-cong-ty-tnhh-tong-cong-ty-hoa-binh-minh,5200213156,"Bán buôn vật liệu, thiết bị lắp đặt khác trong xây dựng",CHI NHÁNH VĨNH YÊN - CÔNG TY TNHH TỔNG CÔNG TY HOÀ BÌNH MINH,5200213156-028,NGUYỄN MẠNH THẮNG,"Xóm Đậu, Xã Định Trung, Thành phố Vĩnh Yên, Tỉnh Vĩnh Phúc, Việt Nam"
https://masothue.com/5200213156-cong-ty-tnhh-tong-cong-ty-hoa-binh-minh,5200213156,"Bán buôn vật liệu, thiết bị lắp đặt khác trong xây dựng",TRUNG TÂM VẬT LIỆU XÂY DỰNG QUẢNG NINH - CÔNG TY TNHH TỔNG CÔNG TY HOÀ BÌNH MINH,5200213156-029,Trần Phú Khanh,"Lô 58, khu công nghiệp Cái Lân - Phường Giếng Đáy - Thành phố Hạ Long - Quảng Ninh."
https://masothue.com/5200213156-cong-ty-tnhh-tong-cong-ty-hoa-binh-minh,5200213156,"Bán buôn vật liệu, thiết bị lắp đặt khác trong xây dựng",TRUNG TÂM VẬT LIỆU XÂY DỰNG HÀ NAM - CÔNG TY TNHH TỔNG CÔNG TY HOÀ BÌNH MINH,5200213156-030,Bùi Minh Lực,Đường Lê Chân - Phường Châu Sơn - Thành phố Phủ Lý - Hà Nam.
https://masothue.com/5200213156-cong-ty-tnhh-tong-cong-ty-hoa-binh-minh,5200213156,"Bán buôn vật liệu, thiết bị lắp đặt khác trong xây dựng",TRUNG TÂM VẬT LIỆU XÂY DỰNG TUYÊN QUANG - CÔNG TY TNHH TỔNG CÔNG TY HÒA BÌNH MINH,5200213156-031,Bùi Minh Lực,Thôn 8 - Xã Lưỡng Vượng - Thành Phố Tuyên Quang - Tuyên Quang.
https://masothue.com/5200213156-cong-ty-tnhh-tong-cong-ty-hoa-binh-minh,5200213156,"Bán buôn vật liệu, thiết bị lắp đặt khác trong xây dựng",CHI NHÁNH VIỆT TRÌ - CÔNG TY TNHH TỔNG CÔNG TY HOÀ BÌNH MINH,5200213156-032,NGUYỄN TUẤN TRUNG,"Đường Hùng Vương, Khu 4, Phường Vân Phú, Thành phố Việt Trì, Tỉnh Phú Thọ, Việt Nam"
https://masothue.com/5200213156-cong-ty-tnhh-tong-cong-ty-hoa-binh-minh,5200213156,"Bán buôn vật liệu, thiết bị lắp đặt khác trong xây dựng",CHI NHÁNH ĐẮK NÔNG - CÔNG TY TNHH TỔNG CÔNG TY HOÀ BÌNH MINH,5200213156-033,LÊ VĂN PHONG,"Tổ dân phố Tân Tiến, Phường Quảng Thành, Thành phố Gia Nghĩa, Tỉnh Đắk Nông, Việt Nam"
https://masothue.com/5200213156-cong-ty-tnhh-tong-cong-ty-hoa-binh-minh,5200213156,"Bán buôn vật liệu, thiết bị lắp đặt khác trong xây dựng",CHI NHÁNH NINH THUẬN - CÔNG TY TNHH TỔNG CÔNG TY HOÀ BÌNH MINH,5200213156-034,TRƯƠNG QUỐC THÁI,"Quốc lộ 1A, Thôn Long Bình 2, Xã An Hải, Huyện Ninh Phước, Tỉnh Ninh Thuận, Việt Nam"
https://masothue.com/5200213156-cong-ty-tnhh-tong-cong-ty-hoa-binh-minh,5200213156,"Bán buôn vật liệu, thiết bị lắp đặt khác trong xây dựng",CHI NHÁNH TUYÊN QUANG - CÔNG TY TNHH TỔNG CÔNG TY HOÀ BÌNH MINH,5200213156-035,NGUYỄN TIẾN CƯỜNG,"Thôn 8, Xã Lưỡng Vượng, Thành phố Tuyên Quang, Tỉnh Tuyên Quang, Việt Nam"
https://masothue.com/5200213156-cong-ty-tnhh-tong-cong-ty-hoa-binh-minh,5200213156,"Bán buôn vật liệu, thiết bị lắp đặt khác trong xây dựng",CHI NHÁNH PHÚC YÊN - CÔNG TY TNHH TỔNG CÔNG TY HOÀ BÌNH MINH,5200213156-036,NGUYỄN TIẾN DƯƠNG,"khu 8, Phường Hùng Vương, Thành phố Phúc Yên, Tỉnh Vĩnh Phúc, Việt Nam"
https://masothue.com/5200213156-cong-ty-tnhh-tong-cong-ty-hoa-binh-minh,5200213156,"Bán buôn vật liệu, thiết bị lắp đặt khác trong xây dựng",CHI NHÁNH NAM ĐỊNH - CÔNG TY TNHH TỔNG CÔNG TY HOÀ BÌNH MINH,5200213156-037,LƯƠNG NGỌC PHƯƠNG,"thôn Hồng Phúc, Xã Mỹ Tân, Huyện Mỹ Lộc, Tỉnh Nam Định, Việt Nam"
https://masothue.com/5200213156-cong-ty-tnhh-tong-cong-ty-hoa-binh-minh,5200213156,"Bán buôn vật liệu, thiết bị lắp đặt khác trong xây dựng",CHI NHÁNH QUẢNG NINH - CÔNG TY TNHH TỔNG CÔNG TY HOÀ BÌNH MINH,5200213156-038,Trần Phú Khanh,"Thửa đất số 107, khu tiểu thủ công nghiệp, Phường Hà Khánh, Thành phố Hạ Long, Tỉnh Quảng Ninh, Việt Nam"
https://masothue.com/5200213156-cong-ty-tnhh-tong-cong-ty-hoa-binh-minh,5200213156,"Bán buôn vật liệu, thiết bị lắp đặt khác trong xây dựng",CHI NHÁNH HÀ NAM - CÔNG TY TNHH TỔNG CÔNG TY HOÀ BÌNH MINH,5200213156-039,LÊ VŨ THẮNG,"Tổ 4, Đường Đề Yêm, Phường Lê Hồng Phong, Thành phố Phủ Lý, Tỉnh Hà Nam, Việt Nam"
https://masothue.com/5200213156-cong-ty-tnhh-tong-cong-ty-hoa-binh-minh,5200213156,"Bán buôn vật liệu, thiết bị lắp đặt khác trong xây dựng",CHI NHÁNH TIỀN GIANG - CÔNG TY TNHH TỔNG CÔNG TY HOÀ BÌNH MINH,5200213156-040,TRƯƠNG PHÚC NHÂN,"Số 451, đường Đinh Bộ Lĩnh, Khu phố 6, Phường 8, Thành phố Mỹ Tho, Tỉnh Tiền Giang, Việt Nam"
https://masothue.com/5200213156-cong-ty-tnhh-tong-cong-ty-hoa-binh-minh,5200213156,"Bán buôn vật liệu, thiết bị lắp đặt khác trong xây dựng",CHI NHÁNH VĨNH LONG - CÔNG TY TNHH TỔNG CÔNG TY HOÀ BÌNH MINH,5200213156-041,TRƯƠNG PHÚC NHÂN,"Thửa đất số 161, tờ bản đồ số 4, Quốc lộ 53, Tổ 1, Ấp Long Thuận, Xã Long Phước, Huyện Long Hồ, Tỉnh Vĩnh Long, Việt Nam"
https://masothue.com/5200213156-cong-ty-tnhh-tong-cong-ty-hoa-binh-minh,5200213156,"Bán buôn vật liệu, thiết bị lắp đặt khác trong xây dựng",CHI NHÁNH ĐỒNG THÁP - CÔNG TY TNHH TỔNG CÔNG TY HOÀ BÌNH MINH,5200213156-042,TRƯƠNG PHÚC NHÂN,"Số nhà 145, quốc lộ 30, ấp An Định, Xã An Bình, Huyện Cao Lãnh, Tỉnh Đồng Tháp, Việt Nam"
https://masothue.com/0900208177-cong-ty-tnhh-dang-huong,0900208177,Khác,,,,
https://masothue.com/0100112797-cong-ty-tnhh-phu-tung-xe-may-o-to-goshi-thang-long,0100112797,Sản xuất phụ tùng và bộ phận phụ trợ cho xe có động cơ và động cơ xe,,,,
https://masothue.com/0100102083-cong-ty-tnhh-mot-thanh-vien-co-khi-quang-trung,0100102083,Sản xuất các cấu kiện kim loại,CHI NHÁNH CÔNG TY TNHH MỘT THÀNH VIÊN CƠ KHÍ QUANG TRUNG,0100102083-001,NGUYỄN QUAN TOẢN,"181 Quốc lộ 1K, Phường Linh Xuân, Thành phố Thủ Đức, Thành phố Hồ Chí Minh, Việt Nam"
https://masothue.com/0100102083-cong-ty-tnhh-mot-thanh-vien-co-khi-quang-trung,0100102083,Sản xuất các cấu kiện kim loại,XÍ NGHIỆP SẢN XUẤT ỐNG THÉP HÀN,0100102083-002,Trần Ngọc Lâm,"Km 6 đường 70 Hà Đông, Văn Điển - - Huyện Thanh Trì - Hà Nội."
https://masothue.com/0105906169-cong-ty-co-phan-dich-vu-nen-di-dong-viet-nam,0105906169,Hoạt động dịch vụ tài chính khác chưa được phân vào đâu (trừ bảo hiểm và bảo hiểm xã hội),CHI NHÁNH TẠI THÀNH PHỐ HỒ CHÍ MINH CÔNG TY CỔ PHẦN DỊCH VỤ NỀN DI ĐỘNG VIỆT NAM,0105906169-001,ĐỖ QUỐC TUẤN,"L17-11, Tầng 17, Tòa nhà Vincom Center, 72 Lê Thánh Tôn, Phường Bến Nghé, Quận 1, Thành phố Hồ Chí Minh, Việt Nam"
https://masothue.com/0105906169-cong-ty-co-phan-dich-vu-nen-di-dong-viet-nam,0105906169,Hoạt động dịch vụ tài chính khác chưa được phân vào đâu (trừ bảo hiểm và bảo hiểm xã hội),CHI NHÁNH TẠI THÀNH PHỐ ĐÀ NẴNG CÔNG TY CỔ PHẦN DỊCH VỤ NỀN DI ĐỘNG VIỆT NAM,0105906169-002,NGUYỄN NAM KHÁNH,"Tầng 9, số 38 Yên Bái, Phường Hải Châu I, Quận Hải Châu, Thành phố Đà Nẵng, Việt Nam"
https://masothue.com/0105906169-cong-ty-co-phan-dich-vu-nen-di-dong-viet-nam,0105906169,Hoạt động dịch vụ tài chính khác chưa được phân vào đâu (trừ bảo hiểm và bảo hiểm xã hội),CHI NHÁNH TẠI THÀNH PHỐ CẦN THƠ - CÔNG TY CỔ PHẦN DỊCH VỤ NỀN DI ĐỘNG VIỆT NAM,0105906169-003,TRƯƠNG THANH THẢO,"30A, Hoàng Văn Thái, KDC Hưng Phú 1, Phường Hưng Phú, Quận Cái Răng, Thành phố Cần Thơ, Việt Nam"
https://masothue.com/0105906169-cong-ty-co-phan-dich-vu-nen-di-dong-viet-nam,0105906169,Hoạt động dịch vụ tài chính khác chưa được phân vào đâu (trừ bảo hiểm và bảo hiểm xã hội),CHI NHÁNH TẠI THÀNH PHỐ HẢI PHÒNG CÔNG TY CỔ PHẦN DỊCH VỤ NỀN DI ĐỘNG VIỆT NAM,0105906169-004,ĐẶNG QUANG BÍCH,"Khu Phú Hải, Phường Anh Dũng, Quận Dương Kinh, Thành phố Hải Phòng, Việt Nam"
https://masothue.com/0105906169-cong-ty-co-phan-dich-vu-nen-di-dong-viet-nam,0105906169,Hoạt động dịch vụ tài chính khác chưa được phân vào đâu (trừ bảo hiểm và bảo hiểm xã hội),CHI NHÁNH TẠI THÀNH PHỐ HUẾ - CÔNG TY CỔ PHẦN DỊCH VỤ NỀN DI ĐỘNG VIỆT NAM,0105906169-005,HỒ HẢI BẰNG,"Tầng 8 tòa nhà HCC - 28 Lý Thường Kiệt, Phường Vĩnh Ninh, Thành phố Huế, Tỉnh Thừa Thiên Huế, Việt Nam"
https://masothue.com/0105906169-cong-ty-co-phan-dich-vu-nen-di-dong-viet-nam,0105906169,Hoạt động dịch vụ tài chính khác chưa được phân vào đâu (trừ bảo hiểm và bảo hiểm xã hội),CHI NHÁNH TẠI THÀNH PHỐ THANH HOÁ - CÔNG TY CỔ PHẦN DỊCH VỤ NỀN DI ĐỘNG VIỆT NAM,0105906169-006,NGUYỄN XUÂN KỲ,"Tầng 9, Toà nhà Đức Phát, Số 9 Hạc Thành, Phường Điện Biên, Thành phố Thanh Hoá, Tỉnh Thanh Hoá, Việt Nam"
https://masothue.com/0105906169-cong-ty-co-phan-dich-vu-nen-di-dong-viet-nam,0105906169,Hoạt động dịch vụ tài chính khác chưa được phân vào đâu (trừ bảo hiểm và bảo hiểm xã hội),CHI NHÁNH TẠI TỈNH QUẢNG NINH CÔNG TY CỔ PHẦN DỊCH VỤ NỀN DI ĐỘNG VIỆT NAM,0105906169-007,NGUYỄN TRỌNG THÀNH,"Tầng 7, toà Viettel, số 70 đường Nguyễn Văn Cừ, Phường Hồng Hải, Thành phố Hạ Long, Tỉnh Quảng Ninh, Việt Nam"
https://masothue.com/0105906169-cong-ty-co-phan-dich-vu-nen-di-dong-viet-nam,0105906169,Hoạt động dịch vụ tài chính khác chưa được phân vào đâu (trừ bảo hiểm và bảo hiểm xã hội),CHI NHÁNH TẠI NGHỆ AN CÔNG TY CỔ PHẦN DỊCH VỤ NỀN DI ĐỘNG VIỆT NAM,0105906169-008,PHẠM XUÂN THUYẾT HÙNG,"Tầng 14, Tháp A, Toà nhà dầu khí Nghệ An, Số 7 đường Quang Trung, Phường Quang Trung, Thành phố Vinh, Tỉnh Nghệ An, Việt Nam"
https://masothue.com/0105906169-cong-ty-co-phan-dich-vu-nen-di-dong-viet-nam,0105906169,Hoạt động dịch vụ tài chính khác chưa được phân vào đâu (trừ bảo hiểm và bảo hiểm xã hội),CHI NHÁNH TẠI BÌNH DƯƠNG - CÔNG TY CỔ PHẦN DỊCH VỤ NỀN DI ĐỘNG VIỆT NAM,0105906169-009,ĐINH HUY TOÀN,"Văn phòng số 6, Tầng 4, Tòa nhà BW Supply Chain City, đường Tiên Phong 3, Khu Công Nghiệp BW Supply Chain City, Phường Hoà Phú, Thành phố Thủ Dầu Một, Tỉnh Bình Dương, Việt Nam"
https://masothue.com/0105906169-cong-ty-co-phan-dich-vu-nen-di-dong-viet-nam,0105906169,Hoạt động dịch vụ tài chính khác chưa được phân vào đâu (trừ bảo hiểm và bảo hiểm xã hội),CHI NHÁNH TẠI ĐỒNG NAI-CÔNG TY CỔ PHẦN DỊCH VỤ NỀN DI ĐỘNG VIỆT NAM,0105906169-010,DƯƠNG HUỲNH NHI,"Số 53-55 Đường Võ Thị Sáu, Phường Quyết Thắng, Thành phố Biên Hoà, Tỉnh Đồng Nai, Việt Nam"
https://masothue.com/4700140232-cong-ty-tnhh-may-cong-nghiep-bac-kan,4700140232,Khác,,,,
https://masothue.com/4700254416-cong-ty-trach-nhiem-huu-han-may-bac-kan,4700254416,May trang phục (trừ trang phục từ da lông thú),,,,
https://masothue.com/5200800404-cong-ty-trach-nhiem-huu-han-mot-thanh-vien-chien-thang-yen-bai,5200800404,May trang phục (trừ trang phục từ da lông thú),,,,
https://masothue.com/5200823465-cong-ty-trach-nhiem-huu-han-mot-thanh-vien-chien-thang-nghia-lo,5200823465,May trang phục (trừ trang phục từ da lông thú),,,,
https://masothue.com/0108119875-cong-ty-co-phan-giai-phap-minh-phuc,0108119875,Lập trình máy vi tính,VĂN PHÒNG ĐẠI DIỆN CÔNG TY CỔ PHẦN GIẢI PHÁP MINH PHÚC TẠI ĐÀ NẴNG,0108119875-001,NGUYỄN ĐỨC TÂM,"06- Trần Phú, Phường Thạch Thang, Quận Hải Châu, Thành phố Đà Nẵng, Việt Nam"
https://masothue.com/0108119875-cong-ty-co-phan-giai-phap-minh-phuc,0108119875,Lập trình máy vi tính,VĂN PHÒNG ĐẠI DIỆN CÔNG TY CỔ PHẦN GIẢI PHÁP MINH PHÚC TẠI THÀNH PHỐ HỒ CHÍ MINH,0108119875-002,NGUYỄN ĐỨC TÂM,"Số 54/31 Phổ Quang, Phường 2, Quận Tân Bình, Thành phố Hồ Chí Minh, Việt Nam"
https://masothue.com/0401860838-cong-ty-tnhh-bpo-mp,0401860838,"Xử lý dữ liệu, cho thuê và các hoạt động liên quan",,,,
https://masothue.com/0100777569-cong-ty-cho-thue-tai-chinh-tnhh-bidv-sumi-trust,0100777569,Hoạt động cho thuê tài chính,CN CTY CHO THUÊ TÀI CHÍNH NGÂN HÀNG ĐẦU TƯ VÀ PHÁT TRIỂN VN,0100777569-001,Trần Văn Trung,146 Nguyễn Công Trứ #6 - - Quận 1 - TP Hồ Chí Minh.
https://masothue.com/0100777569-cong-ty-cho-thue-tai-chinh-tnhh-bidv-sumi-trust,0100777569,Hoạt động cho thuê tài chính,CÔNG TY CHO THUÊ TÀI CHÍNH TNHH BIDV - SUMI TRUST - CHI NHÁNH HÀ NỘI,0100777569-003,GIÁP VĂN CƯỜNG,"Tầng 20, tháp A Vincom, số 191 Bà Triệu, Phường Lê Đại Hành, Quận Hai Bà Trưng, Thành phố Hà Nội, Việt Nam"
https://masothue.com/0100777569-cong-ty-cho-thue-tai-chinh-tnhh-bidv-sumi-trust,0100777569,Hoạt động cho thuê tài chính,CÔNG TY CHO THUÊ TÀI CHÍNH TNHH BIDV - SUMI TRUST CHI NHÁNH ĐÀ NẴNG,0100777569-005,NGUYỄN HẢI LONG,"Tầng 5, số 271 Nguyễn Văn Linh, Phường Vĩnh Trung, Quận Thanh Khê, Thành phố Đà Nẵng, Việt Nam"
https://masothue.com/0100777569-cong-ty-cho-thue-tai-chinh-tnhh-bidv-sumi-trust,0100777569,Hoạt động cho thuê tài chính,CÔNG TY CHO THUÊ TÀI CHÍNH TNHH BIDV - SUMI TRUST - CHI NHÁNH THÀNH PHỐ HỒ CHÍ MINH,0100777569-007,ĐẶNG THANH HÙNG,"Số 472 - 472A - 472C Nguyễn Thị Minh Khai, Phường 02, Quận 3, Thành phố Hồ Chí Minh, Việt Nam"
https://masothue.com/0201755057-cong-ty-tnhh-mat-troi-cat-ba,0201755057,Dịch vụ lưu trú ngắn ngày,CÔNG TY TNHH MẶT TRỜI CÁT BÀ - VĂN PHÒNG ĐẠI DIỆN TẠI HẢI PHÒNG,0201755057-001,PHẠM HÙNG,"Số 69, Lô 22, KĐTM Ngã 5 Sân bay Cát Bi, Phường Đông Khê, Quận Ngô Quyền, Thành phố Hải Phòng, Việt Nam"
https://masothue.com/0201755057-cong-ty-tnhh-mat-troi-cat-ba,0201755057,Dịch vụ lưu trú ngắn ngày,CÔNG TY TNHH MẶT TRỜI CÁT BÀ - CHI NHÁNH SUN WORLD CÁT BÀ,0201755057-002,TRẦN VĂN MINH,"Thôn Chấn, Xã Đồng Bài, Huyện Cát Hải, Thành phố Hải Phòng, Việt Nam"
https://masothue.com/0201755057-cong-ty-tnhh-mat-troi-cat-ba,0201755057,Dịch vụ lưu trú ngắn ngày,CÔNG TY TNHH MẶT TRỜI CÁT BÀ - CHI NHÁNH BẾN PHÀ CÁT HẢI - PHÙ LONG,0201755057-003,VÕ MẠNH QUANG,"Thôn Chấn, Xã Đồng Bài, Huyện Cát Hải, Thành phố Hải Phòng, Việt Nam"
https://masothue.com/0401880979-cong-ty-tnhh-dau-tu-tap-doan-mat-troi,0401880979,"Kinh doanh bất động sản, quyền sử dụng đất thuộc chủ sở hữu, chủ sử dụng hoặc đi thuê",CÔNG TY TNHH ĐẦU TƯ TẬP ĐOÀN MẶT TRỜI - CHI NHÁNH TẠI HÀ NỘI,0401880979-001,BẠCH THI MAI HOA,"Tầng 9, tòa nhà Sun City, số 13 Hai Bà Trưng, Phường Tràng Tiền, Quận Hoàn Kiếm, Thành phố Hà Nội, Việt Nam"
https://masothue.com/2802721835-cong-ty-tnhh-bt-quang-truong-bien-sam-son,2802721835,Xây dựng công trình đường bộ,,,,
https://masothue.com/5701723020-cong-ty-tnhh-ma-t-tro-i-ha-long,5701723020,Hoạt động của các công viên vui chơi và công viên theo chủ đề,CÔNG TY TNHH MẶT TRỜI HẠ LONG - CHI NHÁNH CÔNG VIÊN SUN WORLD HẠ LONG,5701723020-001,TRẦN VĂN MINH,"Số 9, Đường Hạ Long, Phường Bãi Cháy, Thành phố Hạ Long, Tỉnh Quảng Ninh, Việt Nam"
https://masothue.com/5701723020-cong-ty-tnhh-ma-t-tro-i-ha-long,5701723020,Hoạt động của các công viên vui chơi và công viên theo chủ đề,CÔNG TY TNHH MẶT TRỜI HẠ LONG - CHI NHÁNH CẢNG TÀU KHÁCH QUỐC TẾ HẠ LONG,5701723020-002,PHẠM VĂN HIỆP,"Số 9 đường Hạ Long, Phường Bãi Cháy, Thành phố Hạ Long, Tỉnh Quảng Ninh, Việt Nam"
https://masothue.com/5701751740-cong-ty-tnhh-mot-thanh-vien-phat-trien-ha-tang-dnm,5701751740,Xây dựng công trình kỹ thuật dân dụng khác,,,,
https://masothue.com/0109658904-cong-ty-tnhh-du-lich-quoc-te-ha-lan,0109658904,Đại lý du lịch,,,,
https://masothue.com/6001616064-cong-ty-tnhh-mtv-xay-dung-cong-trinh-dak-lak,6001616064,Lắp đặt hệ thống điện,,,,
https://masothue.com/0300605888-cong-ty-tnhh-can-ho-cao-cap-daklak-nhat-ban,0300605888,"Kinh doanh bất động sản, quyền sử dụng đất thuộc chủ sở hữu, chủ sử dụng hoặc đi thuê",,,,
https://masothue.com/6000657660-cong-ty-tnhh-dau-tu-xuat-nhap-khau-eakar,6000657660,Khác,,,,
https://masothue.com/6000725085-cong-ty-tnhh-dau-tu-xuat-nhap-khau-krong-pak,6000725085,Khác,,,,
https://masothue.com/6001570860-cong-ty-tnhh-i-coffee,6001570860,"Bán buôn nông, lâm sản nguyên liệu (trừ gỗ, tre, nứa) và động vật sống",ĐỊA ĐIỂM KINH DOANH CÔNG TY TNHH I COFFEE - QUÁN CÀ PHÊ I COFFEE,6001570860-001,Phạm Thị Phú Nhân,Số 8 Đường 621D - Phường Phước Long B - Thành phố Thủ Đức - TP Hồ Chí Minh.
https://masothue.com/6001360648-cong-ty-trach-nhiem-huu-han-benh-vien-mat-tay-nguyen,6001360648,"Hoạt động của các bệnh viện, trạm xá",CÔNG TY TRÁCH NHIỆM HỮU HẠN BỆNH VIỆN MẮT TÂY NGUYÊN - CHI NHÁNH PHÒNG KHÁM MẮT ĐẮK NÔNG,6001360648-001,TÔN NỮ THIÊN THẢO,"Tổ dân phố 3, Phường Nghĩa Đức, Thành phố Gia Nghĩa, Tỉnh Đắk Nông, Việt Nam"
https://masothue.com/0313295841-cong-ty-co-phan-thuong-mai-dich-vu-anc-sai-gon,0313295841,"Tư vấn, môi giới, đấu giá bất động sản, đấu giá quyền sử dụng đất",,,,
https://masothue.com/0313306726-cong-ty-co-phan-thuong-mai-dich-vu-ltvn,0313306726,"Tư vấn, môi giới, đấu giá bất động sản, đấu giá quyền sử dụng đất",,,,
